	A[C>A]A	A[C>A]C	A[C>A]G	A[C>A]T	A[C>G]A	A[C>G]C	A[C>G]G	A[C>G]T	A[C>T]A	A[C>T]C	A[C>T]G	A[C>T]T	A[T>A]A	A[T>A]C	A[T>A]G	A[T>A]T	A[T>C]A	A[T>C]C	A[T>C]G	A[T>C]T	A[T>G]A	A[T>G]C	A[T>G]G	A[T>G]T	C[C>A]A	C[C>A]C	C[C>A]G	C[C>A]T	C[C>G]A	C[C>G]C	C[C>G]G	C[C>G]T	C[C>T]A	C[C>T]C	C[C>T]G	C[C>T]T	C[T>A]A	C[T>A]C	C[T>A]G	C[T>A]T	C[T>C]A	C[T>C]C	C[T>C]G	C[T>C]T	C[T>G]A	C[T>G]C	C[T>G]G	C[T>G]T	G[C>A]A	G[C>A]C	G[C>A]G	G[C>A]T	G[C>G]A	G[C>G]C	G[C>G]G	G[C>G]T	G[C>T]A	G[C>T]C	G[C>T]G	G[C>T]T	G[T>A]A	G[T>A]C	G[T>A]G	G[T>A]T	G[T>C]A	G[T>C]C	G[T>C]G	G[T>C]T	G[T>G]A	G[T>G]C	G[T>G]G	G[T>G]T	T[C>A]A	T[C>A]C	T[C>A]G	T[C>A]T	T[C>G]A	T[C>G]C	T[C>G]G	T[C>G]T	T[C>T]A	T[C>T]C	T[C>T]G	T[C>T]T	T[T>A]A	T[T>A]C	T[T>A]G	T[T>A]T	T[T>C]A	T[T>C]C	T[T>C]G	T[T>C]T	T[T>G]A	T[T>G]C	T[T>G]G	T[T>G]T
A[C>A]A	0.0	0.015215199984784803	0.004497993495502006	0.07981323342018676	0.0028718689971281314	0.004307803495692197	0.00665664999334335	0.003537533996462466	0.09602693090397306	0.10345385039654614	0.4885125240114875	0.08329371041670629	0.003841837996158162	9.509499990490583e-05	0.00588638049411362	0.014254740485745264	0.03944540596055459	0.0382376994617623	0.06287681393712319	0.02848095247151905	0.0038323284961676723	0.007360352992639646	0.0015120104984879907	0.055544989444455004	0.036972935963027066	0.04908803895091196	0.019228208980771794	0.3482854371517146	0.0076266189923733805	0.007522014492477985	0.006342836493657163	0.0063808744936191255	0.03982578596017421	0.0795754959204245	0.42248806557751195	0.08346488141653512	0.007702694992297305	0.0020255234979744755	0.002158656497841344	0.0018163144981836864	0.01572871298427129	0.037286749462713244	0.08517659141482341	0.028614085471385914	0.0015500484984499515	0.006228722493771276	0.012276764487723238	0.0704653949295346	0.0061146084938853915	0.02547595047452405	0.0012172159987827837	0.14358394035641606	0.004250746495749254	0.0015120104984879907	0.007835827992164172	0.0030905874969094135	0.17841723882158275	0.30791760969208243	0.8035432396964568	0.24088514425911484	0.006685178493314821	0.000551550999448449	0.0055630574944369425	0.0018163144981836856	0.08991232241008769	0.08855246391144753	0.08939880941060119	0.08144886741855112	0.006029022993970977	0.003043039996956959	0.00209208999790791	0.014948933985051064	0.09845185340154815	0.062277715437722286	0.00705604899294395	0.9921641720078358	0.00037087049962912944	0.004935430495064569	0.006713706993286293	0.0032047014967952984	0.053500446946499546	0.14467753285532242	0.8660872211339127	0.1774472698225527	0.00305254949694745	0.0006181174993818818	0.005277772494722227	0.008625116491374886	0.03308355046691645	0.05512657144487343	0.05078072994921927	0.04968713745031286	0.010042031989957968	0.021738716978261283	0.0005230224994769786	0.225222997774777
A[C>A]C	0.015215199984784803	0.0	0.01971319348028681	0.06459803343540196	0.018087068981912934	0.019523003480477	0.021871849978128154	0.018752733981247268	0.08081173091918825	0.08823865041176135	0.47329732402670266	0.06807851043192148	0.019057037980942965	0.015120104984879897	0.021101580478898423	0.0009604594990395392	0.02423020597576979	0.0230224994769775	0.04766161395233839	0.013265752486734249	0.019047528480952473	0.007854846992145156	0.016727210483272793	0.0403297894596702	0.021757735978242265	0.03387283896612716	0.004013008995986989	0.3330702371669298	0.022841818977158184	0.022737214477262787	0.021558036478441966	0.021596074478403927	0.024610585975389412	0.06436029593563969	0.40727286559272713	0.06824968143175031	0.022917894977082107	0.013189676486810327	0.017373856482626147	0.013398885486601116	0.0005135129994864839	0.022071549477928443	0.0699613914300386	0.013398885486601113	0.016765248483234754	0.008986477491013526	0.002938435497061565	0.0552501949447498	0.009100591490899411	0.010260750489739248	0.016432415983567587	0.12836874037163126	0.019465946480534055	0.016727210483272793	0.023051027976948975	0.018305787481694216	0.16320203883679796	0.2927024097072976	0.788328039711672	0.22566994427433004	0.021900378478099624	0.014663648985336354	0.020778257479221747	0.01703151448296849	0.07469712242530288	0.07333726392666273	0.0741836094258164	0.06623366743376632	0.021244222978755778	0.012172159987827844	0.017307289982692712	0.0002662659997337384	0.08323665341676334	0.047062515452937485	0.008159150991840853	0.976948972023051	0.015586070484413933	0.02015063047984937	0.021928906978071094	0.012010498487989504	0.038285246961714745	0.12946233287053763	0.8508720211491279	0.16223206983776792	0.01826774948173225	0.015833317484166685	0.02049297247950703	0.006590083493409917	0.017868350482131652	0.03991137146008863	0.03556552996443447	0.03447193746552806	0.005173167994826835	0.006523516993476478	0.014692177485307824	0.2100077977899922
A[C>A]G	0.004497993495502006	0.01971319348028681	0.0	0.08431122691568876	0.0016261244983738752	0.0001901899998098095	0.002158656497841344	0.0009604594990395405	0.10052492439947507	0.10795184389204815	0.4930105175069895	0.0877917039122083	0.0006561554993438448	0.004593088495406912	0.001388386998611613	0.01875273398124727	0.043943399456056596	0.04273569295726431	0.0673748074326252	0.032978945967021056	0.0006656649993343343	0.011858346488141653	0.002985982997014016	0.06004298293995701	0.04147092945852907	0.05358603244641397	0.0237262024762738	0.3527834306472166	0.0031286254968713742	0.003024020996975979	0.0018448429981551568	0.0018828809981171189	0.04432377945567622	0.0840734894159265	0.42698605907301396	0.08796287491203712	0.0032047014967952984	0.006523516993476482	0.002339336997660663	0.006314307993685693	0.020226706479773295	0.04178474295821525	0.08967458491032541	0.03311207896688792	0.002947944997052055	0.010726715989273283	0.016774757983225246	0.07496338842503661	0.010612601989387398	0.02997394397002606	0.003280777496719223	0.14808193385191806	0.0002472469997527528	0.002985982997014016	0.0033378344966621654	0.0014074059985925932	0.18291523231708476	0.31241560318758443	0.8080412331919589	0.24538313775461684	0.002187184997812815	0.005049544494950455	0.0010650639989349363	0.002681678997318321	0.0944103159055897	0.09305045740694953	0.0938968029061032	0.08594686091405312	0.0015310294984689703	0.007541033492458965	0.0024059034975940966	0.019446927480553072	0.10294984689705015	0.06677570893322429	0.011554042488445956	0.9966621655033379	0.004127122995872878	0.00043743699956256274	0.0022157134977842862	0.007702694992297305	0.05799844044200155	0.14917552635082443	0.8705852146294147	0.18194526331805472	0.0014454439985545566	0.003879875996120125	0.0007797789992202205	0.013123109986876892	0.03758154396241846	0.059624564940375435	0.055278723444721276	0.05418513094581487	0.014540025485459974	0.02623671047376329	0.005021015994978985	0.229720991270279
A[C>A]T	0.07981323342018676	0.06459803343540196	0.08431122691568876	0.0	0.08268510241731489	0.08412103691587895	0.08646988341353011	0.08335076741664922	0.016213697483786302	0.023640616976359385	0.4086992905913007	0.00348047699651953	0.08365507141634493	0.07971813842028186	0.08569961391430038	0.06555849293444149	0.04036782745963217	0.041575533958424456	0.01693641948306357	0.05133228094866771	0.08364556191635443	0.0724528804275471	0.08132524391867475	0.024268243975731754	0.04284029745715969	0.030725194469274797	0.060585024439414964	0.2684722037315278	0.08743985241256014	0.08733524791266474	0.08615606991384392	0.08619410791380588	0.039987447460012544	0.0002377374997622611	0.3426748321573252	0.003651647996348359	0.08751592841248407	0.07778770992221229	0.0819718899180281	0.07799691892200307	0.06408452043591548	0.042526483957473514	0.00536335799463665	0.051199147948800844	0.0813632819186367	0.07358451092641548	0.06753646893246353	0.009347838490652155	0.07369862492630137	0.05433728294566271	0.08103044941896954	0.0637707069362293	0.08406397991593602	0.08132524391867475	0.08764906141235093	0.08290382091709617	0.098604005401396	0.22810437627189564	0.72373000627627	0.16107191083892808	0.08649841191350158	0.0792616824207383	0.0853762909146237	0.08162954791837045	0.010099088989900931	0.008739230491260769	0.00958557599041443	0.0016356339983643609	0.08584225641415774	0.0767701934232298	0.08190532341809467	0.06486429943513569	0.01863861998136139	0.01753551798246447	0.07275718442724281	0.912350938587649	0.08018410391981588	0.08474866391525133	0.08652694041347306	0.07660853192339145	0.026312786473687212	0.06486429943513566	0.7862739877137259	0.09763403640236595	0.08286578291713421	0.08043135091956864	0.085091005914909	0.07118811692881187	0.046729682953270305	0.02468666197531333	0.02903250347096749	0.030126095969873895	0.06977120143022879	0.058074516441925475	0.07929021092070979	0.14540976435459024
A[C>G]A	0.0028718689971281314	0.018087068981912934	0.0016261244983738752	0.08268510241731489	0.0	0.0014359344985640657	0.0037847809962152186	0.0006656649993343347	0.09889879990110119	0.10632571939367427	0.4913843930086156	0.08616557941383442	0.0009699689990300304	0.0029669639970330373	0.0030145114969854885	0.017126609482873395	0.04231727495768273	0.04110956845889044	0.06574868293425132	0.03135282146864718	0.0009604594990395409	0.010232221989767778	0.0013598584986401407	0.05841685844158313	0.0398448049601552	0.05195990794804009	0.022100077977899923	0.3511573061488427	0.004754749995245249	0.004650145495349854	0.003470967496529032	0.003509005496490994	0.04269765495730235	0.08244736491755263	0.42535993457464005	0.08633675041366325	0.004830825995169173	0.004897392495102607	0.0007132124992867877	0.004688183495311818	0.018600581981399418	0.04015861845984138	0.08804846041195154	0.031485954468514044	0.00132182049867818	0.009100591490899408	0.015148633484851369	0.07333726392666273	0.008986477491013523	0.028347819471652182	0.0016546529983453477	0.1464558093535442	0.0013788774986211224	0.0013598584986401407	0.004963958995036041	0.00021871849978128202	0.18128910781871088	0.31078947868921053	0.806415108693585	0.24375701325624297	0.00381330949618669	0.0034234199965765804	0.0026911884973088115	0.0010555544989444459	0.09278419140721582	0.09142433290857566	0.09227067840772932	0.08432073641567925	0.0031571539968428455	0.00591490899408509	0.0007797789992202214	0.017820802982179196	0.10132372239867628	0.06514958443485042	0.009927917990072081	0.995036041004964	0.002500998497499002	0.002063561497936438	0.003841837996158162	0.00607657049392343	0.05637231594362768	0.14754940185245055	0.8689590901310409	0.18031913881968084	0.00018068049981931865	0.0022537514977462496	0.0024059034975940957	0.011496985488503017	0.03595541946404458	0.05799844044200156	0.0536525989463474	0.05255900644744099	0.0129139009870861	0.024610585975389412	0.00339489149660511	0.22809486677190513
A[C>G]C	0.004307803495692197	0.019523003480477	0.0001901899998098095	0.08412103691587895	0.0014359344985640657	0.0	0.002348846497651153	0.000770269499229731	0.10033473439966525	0.10776165389223834	0.49282032750717963	0.08760151391239848	0.00046596549953403527	0.004402898495597103	0.0015785769984214225	0.01856254398143746	0.04375320945624679	0.042545502957454504	0.06718461743281538	0.03278875596721125	0.0004754749995245248	0.011668156488331843	0.0027957929972042064	0.059852792940147205	0.04128073945871927	0.05339584244660416	0.02353601247646399	0.35259324064740677	0.0033188154966811837	0.0032142109967857884	0.0020350329979649663	0.0020730709979269284	0.044133589455866415	0.08388329941611669	0.4267958690732041	0.08777268491222731	0.003394891496605108	0.006333326993666673	0.0021491469978508534	0.006124117993875884	0.020036516479963483	0.041594552958405445	0.0894843949105156	0.032921888967078115	0.0027577549972422457	0.010536525989463474	0.016584567983415434	0.0747731984252268	0.01042241198957759	0.029783753970216247	0.0030905874969094135	0.14789174385210827	5.7056999942943325e-05	0.0027957929972042064	0.003528024496471975	0.0012172159987827837	0.18272504231727496	0.3122254131877746	0.8078510431921491	0.24519294775480704	0.002377374997622624	0.004859354495140646	0.0012552539987447458	0.0024914889975085116	0.09422012590577988	0.09286026740713972	0.09370661290629338	0.08575667091424331	0.0017212194982787797	0.007350843492649156	0.002215713497784287	0.01925673748074326	0.10275965689724034	0.06658551893341448	0.011363852488636146	0.9964719755035281	0.003936932996063068	0.0006276269993723722	0.002405903497594096	0.0075125049924874955	0.05780825044219175	0.14898533635101463	0.8703950246296049	0.18175507331824492	0.001255253998744747	0.0036896859963103153	0.00096996899903003	0.012932919987067082	0.037391353962608655	0.05943437494056563	0.05508853344491147	0.053994940946005064	0.014349835485650164	0.026046520473953477	0.004830825995169176	0.2295308012704692
A[C>G]G	0.00665664999334335	0.021871849978128154	0.002158656497841344	0.08646988341353011	0.0037847809962152186	0.002348846497651153	0.0	0.003119115996880884	0.10268358089731641	0.1101105003898895	0.4951691740048308	0.08995036041004964	0.002814811997185188	0.006751744993248256	0.0007702694992297305	0.020911390479088614	0.04610205595389794	0.044894349455105655	0.06953346393046654	0.0351376024648624	0.0028243214971756777	0.014017002985982997	0.005144639494855359	0.062201639437798356	0.04362958595637042	0.05574468894425531	0.025884858974115143	0.3549420871450579	0.0009699689990300307	0.0008653644991346352	0.00031381349968618677	0.0002757754997242247	0.046482435953517566	0.08623214591376785	0.42914471557085526	0.09012153140987847	0.0010460449989539548	0.008682173491317826	0.004497993495502006	0.008472964491527037	0.022385362977614637	0.043943399456056596	0.09183324140816676	0.035270735464729266	0.0051066014948933985	0.012885372487114627	0.01893341448106659	0.07712204492287796	0.012771258487228742	0.0321326004678674	0.005439433994560566	0.1502405903497594	0.002405903497594096	0.005144639494855359	0.0011791779988208218	0.0035660624964339365	0.1850738888149261	0.31457425968542574	0.8101998896898002	0.24754179425245817	2.852849997147123e-05	0.007208200992791799	0.0010935924989064073	0.0048403354951596644	0.09656897240343104	0.09520911390479088	0.09605545940394454	0.08810551741189447	0.0006276269993723733	0.00969968999030031	0.00456455999543544	0.021605583978394415	0.1051085033948915	0.06893436543106564	0.0137126989862873	0.9988208220011792	0.006285779493714221	0.0017212194982787808	5.705699994294289e-05	0.00986135149013865	0.0601570969398429	0.15133418284866576	0.872743871127256	0.18410391981589605	0.0036041004963959	0.006038532493961468	0.001378877498621123	0.015281766484718236	0.039740200460259806	0.06178322143821678	0.05743737994256262	0.056343787443656215	0.01669868198330132	0.028395366971604632	0.007179672492820329	0.23187964776812034
A[C>G]T	0.003537533996462466	0.018752733981247268	0.0009604594990395405	0.08335076741664922	0.0006656649993343347	0.000770269499229731	0.003119115996880884	0.0	0.09956446490043552	0.1069913843930086	0.49205005800794993	0.08683124441316875	0.0003043039996956957	0.003632628996367372	0.0023488464976511537	0.01779227448220773	0.04298293995701706	0.04177523345822477	0.06641434793358565	0.03201848646798152	0.00029479449970520617	0.010897886989102112	0.0020255234979744755	0.059082523440917474	0.04051046995948954	0.05262557294737443	0.022765742977234257	0.35182297114817707	0.004089084995910914	0.003984480496015519	0.0028053024971946973	0.0028433404971566593	0.043363319956636684	0.08311302991688696	0.4260255995739744	0.08700241541299758	0.004165160995834838	0.005563057494436942	0.0013788774986211224	0.005353848494646153	0.019266246980733752	0.040824283459175714	0.08871412541128587	0.032151619467848384	0.0019874854980125147	0.009766256490233743	0.015814298484185703	0.07400292892599707	0.009652142490347859	0.029013484470986516	0.0023203179976796825	0.14712147435287853	0.0007132124992867877	0.0020255234979744755	0.004298293995701706	0.0004469464995530527	0.18195477281804523	0.3114551436885449	0.8070807736929193	0.2444226782555773	0.003147644496852355	0.004089084995910915	0.0020255234979744768	0.0017212194982787806	0.09344985640655015	0.09208999790790999	0.09293634340706365	0.08498640141501358	0.0024914889975085107	0.006580573993419425	0.0014454439985545561	0.01848646798151353	0.10198938739801061	0.06581524943418475	0.010593582989406415	0.9957017060042983	0.0031666634968333367	0.0013978964986021032	0.003176172996823827	0.0067422354932577646	0.057037980942962016	0.1482150668517849	0.8696247551303752	0.1809848038190152	0.0004849844995150161	0.0029194164970805844	0.001740238498259761	0.012162650487837351	0.036621084463378924	0.0586641054413359	0.05431826394568174	0.05322467144677533	0.013579565986420433	0.025276250974723746	0.004060556495939445	0.22876053177123948
A[C>T]A	0.09602693090397306	0.08081173091918825	0.10052492439947507	0.016213697483786302	0.09889879990110119	0.10033473439966525	0.10268358089731641	0.09956446490043552	0.0	0.007426919492573084	0.3924855931075144	0.012733220487266772	0.09986876890013122	0.09593183590406816	0.10191331139808668	0.0817721904182278	0.05658152494341847	0.05778923144221076	0.03315011696684987	0.06754597843245401	0.09985925940014073	0.08866657791133342	0.09753894140246105	0.040481941459518056	0.05905399494094599	0.0469388919530611	0.07679872192320127	0.25225850624774154	0.10365354989634644	0.10354894539645104	0.10236976739763022	0.10240780539759219	0.056201144943798846	0.016451434983548563	0.3264611346735389	0.012562049487437943	0.10372962589627037	0.09400140740599859	0.0981855874018144	0.09421061640578937	0.08029821791970178	0.058740181441259816	0.010850339489149652	0.06741284543258715	0.09757697940242302	0.08979820841020178	0.08375016641624983	0.025561535974438457	0.08991232241008768	0.07055098042944902	0.09724414690275585	0.047557009452443	0.10027767739972232	0.09753894140246105	0.10386275889613723	0.09911751840088248	0.08239030791760969	0.21189067878810935	0.7075163087924837	0.14485821335514176	0.10271210939728788	0.09547537990452461	0.10158998839841	0.09784324540215675	0.006114608493885371	0.007474466992525533	0.006628121493371872	0.014578063485421941	0.10205595389794404	0.0929838909070161	0.09811902090188097	0.081077996918922	0.0024249224975750883	0.03374921546625077	0.08897088191102911	0.8961372411038627	0.09639780140360218	0.10096236139903764	0.10274063789725936	0.09282222940717777	0.042526483957473514	0.04865060195134936	0.7700602902299396	0.08142033891857965	0.09907948040092052	0.09664504840335494	0.1013047033986953	0.08740181441259817	0.0629433804370566	0.04090035945909963	0.04524620095475379	0.0463397934536602	0.08598489891401509	0.07428821392571178	0.09550390840449609	0.12919606687080393
A[C>T]C	0.10345385039654614	0.08823865041176135	0.10795184389204815	0.023640616976359385	0.10632571939367427	0.10776165389223834	0.1101105003898895	0.1069913843930086	0.007426919492573084	0.0	0.3850586736149413	0.020160139979839856	0.10729568839270431	0.10335875539664124	0.10934023089065976	0.08919910991080088	0.06400844443599155	0.06521615093478383	0.040577036459422955	0.0749728979250271	0.10728617889271382	0.09609349740390649	0.10496586089503414	0.04790886095209114	0.06648091443351908	0.05436581144563418	0.08422564141577435	0.24483158675516845	0.11108046938891952	0.11097586488902413	0.1097966868902033	0.10983472489016527	0.06362806443637192	0.023878354476121647	0.31903421518096575	0.019988968980011027	0.11115654538884345	0.10142832689857167	0.10561250689438749	0.10163753589836245	0.08772513741227486	0.0661671009338329	0.018277258981722735	0.07483976492516023	0.10500389889499609	0.09722512790277486	0.09117708590882291	0.03298845546701154	0.09733924190266076	0.07797789992202209	0.10467106639532893	0.04013008995986991	0.1077045968922954	0.10496586089503414	0.11128967838871032	0.10654443789345555	0.07496338842503661	0.20446375929553626	0.7000893892999107	0.1374312938625687	0.11013902888986096	0.10290229939709769	0.10901690789098309	0.10527016489472983	0.013541527986458454	0.014901386485098617	0.014055040985944955	0.022004982977995025	0.10948287339051713	0.10041081039958918	0.10554594039445406	0.08850491641149508	0.005001996994997995	0.04117613495882386	0.0963978014036022	0.8887103216112897	0.10382472089617527	0.10838928089161072	0.11016755738983244	0.10024914889975084	0.0499534034500466	0.04122368245877628	0.7626333707373666	0.07399341942600657	0.1065063998934936	0.10407196789592803	0.10873162289126838	0.09482873390517126	0.07037029992962969	0.048327278951672714	0.052673120447326874	0.05376671294623328	0.09341181840658817	0.08171513341828486	0.10293082789706917	0.12176914737823086
A[C>T]G	0.4885125240114875	0.47329732402670266	0.4930105175069895	0.4086992905913007	0.4913843930086156	0.49282032750717963	0.4951691740048308	0.49205005800794993	0.3924855931075144	0.3850586736149413	0.0	0.4052188135947812	0.4923543620076456	0.4884174290115825	0.4943989045056011	0.4742577835257422	0.44906711805093286	0.45027482454972517	0.4256357100743643	0.46003157153996843	0.49234485250765514	0.48115217101884783	0.49002453450997546	0.43296753456703246	0.4515395880484604	0.4394244850605755	0.46928431503071566	0.14022708685977286	0.49613914300386086	0.49603453850396545	0.4948553605051446	0.4948933985051066	0.44868673805131326	0.40893702809106297	0.06602445843397553	0.40504764259495235	0.49621521900378474	0.48648700051351296	0.4906711805093288	0.4866962095133038	0.47278381102721617	0.4512257745487742	0.40333593259666406	0.45989843854010154	0.4900625725099374	0.48228380151771616	0.47623575952376423	0.41804712908195285	0.4823979155176021	0.4630365735369634	0.48972974001027025	0.3449285836550714	0.49276327050723673	0.49002453450997546	0.4963483520036516	0.49160311150839686	0.3100952851899047	0.18059491431940505	0.3150307156849694	0.24762737975237262	0.4951977025048023	0.487960973012039	0.4940755815059244	0.4903288385096711	0.39860020160139975	0.3999600601000399	0.3991137146008863	0.4070636565929363	0.49454154700545844	0.4854694840145305	0.49060461400939537	0.4735635900264364	0.3900606706099393	0.42623480857376517	0.4814564750185435	0.5036516479963484	0.48888339451111656	0.49344795450655204	0.49522623100477375	0.4853078225146922	0.4350120770649879	0.343834991156165	0.37757469712242525	0.3110652541889347	0.4915650735084349	0.4891306415108693	0.4937902965062097	0.47988740752011255	0.455428973544571	0.43338595256661405	0.4377317940622682	0.4388253865611746	0.47847049202152947	0.4667738070332262	0.4879895015120105	0.2632895262367104
A[C>T]T	0.08329371041670629	0.06807851043192148	0.0877917039122083	0.00348047699651953	0.08616557941383442	0.08760151391239848	0.08995036041004964	0.08683124441316875	0.012733220487266772	0.020160139979839856	0.4052188135947812	0.0	0.08713554841286444	0.08319861541680139	0.08918009091081991	0.06903896993096102	0.0438483044561517	0.045056010954943986	0.0204168964795831	0.05481275794518724	0.08712603891287396	0.07593335742406665	0.08480572091519428	0.027748720972251284	0.04632077445367922	0.03420567146579433	0.0640655014359345	0.2649917267350083	0.09092032940907967	0.09081572490918427	0.08963654691036345	0.08967458491032541	0.043467924456532074	0.003718214496281791	0.33919435516080565	0.0001711709998288291	0.0909964054090036	0.08126818691873182	0.08545236691454763	0.0814773959185226	0.067564997432435	0.046006960953993044	0.0018828809981171202	0.054679624945320374	0.08484375891515625	0.07706498792293501	0.07101694592898306	0.012828315487171685	0.0771791019228209	0.05781775994218224	0.08451092641548907	0.06029022993970977	0.08754445691245555	0.08480572091519428	0.09112953840887046	0.08638429791361571	0.09512352840487646	0.22462389927537613	0.7202495292797505	0.15759143384240853	0.08997888891002111	0.08274215941725784	0.08885676791114323	0.08511002491488998	0.006618611993381401	0.005258753494741239	0.0061050989938949	0.001844842998155169	0.08932273341067727	0.08025067041974933	0.0853858004146142	0.06834477643165522	0.01515814298484186	0.021015994978984	0.07623766142376234	0.9088704615911295	0.08366458091633541	0.08822914091177086	0.09000741740999259	0.080089008919911	0.029793263470206742	0.061383822438616134	0.7827935107172064	0.09415355940584642	0.08634625991365374	0.08391182791608817	0.08857148291142852	0.0746685939253314	0.050210159949789834	0.02816713897183286	0.03251298046748702	0.033606572966393425	0.07325167842674832	0.061554993438445005	0.08277068791722932	0.1419292873580707
A[T>A]A	0.003841837996158162	0.019057037980942965	0.0006561554993438448	0.08365507141634493	0.0009699689990300304	0.00046596549953403527	0.002814811997185188	0.0003043039996956957	0.09986876890013122	0.10729568839270431	0.4923543620076456	0.08713554841286444	0.0	0.003936932996063068	0.002044542497955458	0.018096578481903425	0.043287243956712754	0.042079537457920466	0.06671865193328136	0.032322790467677213	9.509499990489542e-06	0.011202190988797808	0.002329827497670171	0.05938682744061317	0.04081477395918523	0.052929876947070124	0.023070046976929954	0.35212727514787273	0.003784780996215219	0.0036801764963198236	0.0025009984974990016	0.0025390364974609636	0.04366762395633238	0.08341733391658265	0.42632990357367007	0.08730671941269327	0.003860856996139143	0.005867361494132637	0.001683181498316818	0.005658152494341848	0.01957055098042945	0.04112858745887141	0.08901842941098156	0.03245592346754408	0.0022917894977082104	0.010070560489929438	0.0161186024838814	0.07430723292569277	0.009956446490043553	0.029317788470682213	0.002624621997375378	0.14742577835257423	0.00040890849959109195	0.002329827497670171	0.00399398999600601	0.0007512504992487484	0.18225907681774092	0.31175944768824054	0.807385077692615	0.244726982255273	0.0028433404971566593	0.004393388995606611	0.001721219498278781	0.0020255234979744763	0.09375416040624585	0.0923943019076057	0.09324064740675936	0.08529070541470929	0.002187184997812815	0.006884877993115121	0.0017497479982502518	0.018790771981209226	0.1022936913977063	0.06611955343388046	0.010897886989102112	0.996006010003994	0.0034709674965290324	0.0010935924989064075	0.0028718689971281314	0.00704653949295346	0.05734228494265771	0.1485193708514806	0.8699290591300709	0.18128910781871088	0.0007892884992107118	0.00322372049677628	0.0014359344985640653	0.012466954487533047	0.03692538846307462	0.05896840944103159	0.05462256794537743	0.053528975446471026	0.01388386998611613	0.025580554974419443	0.0043648604956351405	0.22906483577093517
A[T>A]C	9.509499990490583e-05	0.015120104984879897	0.004593088495406912	0.07971813842028186	0.0029669639970330373	0.004402898495597103	0.006751744993248256	0.003632628996367372	0.09593183590406816	0.10335875539664124	0.4884174290115825	0.08319861541680139	0.003936932996063068	0.0	0.005981475494018526	0.014159645485840358	0.039350310960649684	0.038142604461857396	0.06278171893721829	0.028385857471614144	0.003927423496072578	0.0072652579927347406	0.0016071054983928966	0.0554498944445501	0.03687784096312216	0.048992943951007055	0.019133113980866888	0.34819034215180966	0.007721713992278286	0.007617109492382891	0.006437931493562069	0.006475969493524031	0.03973069096026931	0.0794804009205196	0.422392970577607	0.08336978641663022	0.00779778999220221	0.0019304284980695696	0.0022537514977462496	0.0017212194982787806	0.015633617984366383	0.03719165446280834	0.08508149641491851	0.028518990471481008	0.0016451434983548573	0.0061336274938663705	0.012181669487818332	0.0703702999296297	0.006019513493980486	0.025380855474619143	0.0013123109986876895	0.14348884535651116	0.00434584149565416	0.0016071054983928966	0.007930922992069078	0.0031856824968143193	0.17832214382167785	0.3078225146921775	0.8034481446965519	0.24079004925920994	0.006780273493219727	0.00045645599954354313	0.005658152494341848	0.0019114094980885914	0.08981722741018279	0.08845736891154263	0.08930371441069629	0.08135377241864622	0.006124117993875883	0.002947944997052053	0.002187184997812816	0.014853838985146159	0.09835675840164325	0.06218262043781738	0.006960953993039044	0.9920690770079309	0.00046596549953403527	0.005030525494969475	0.006808801993191199	0.0031096064968903925	0.05340535194659464	0.14458243785541752	0.8659921261340078	0.1773521748226478	0.003147644496852356	0.0007132124992867877	0.005372867494627133	0.00853002149146998	0.03298845546701155	0.05503147644496852	0.050685634949314363	0.04959204245040796	0.009946936990053062	0.021643621978356377	0.00042792749957207277	0.2251279027748721
A[T>A]G	0.00588638049411362	0.021101580478898423	0.001388386998611613	0.08569961391430038	0.0030145114969854885	0.0015785769984214225	0.0007702694992297305	0.0023488464976511537	0.10191331139808668	0.10934023089065976	0.4943989045056011	0.08918009091081991	0.002044542497955458	0.005981475494018526	0.0	0.020141120979858883	0.04533178645466821	0.044124079955875924	0.06876319443123681	0.03436733296563267	0.0020540519979459475	0.013246733486753266	0.004374369995625629	0.061431369938568625	0.04285931645714069	0.05497441944502558	0.025114589474885412	0.3541718176458282	0.0017402384982597612	0.0016356339983643656	0.0004564559995435438	0.0004944939995055059	0.045712166454287835	0.08546187641453812	0.42837444607162556	0.08935126191064874	0.0018163144981836854	0.007911903992088095	0.003727723996272276	0.007702694992297306	0.021615093478384906	0.043173129956826865	0.09106297190893703	0.034500465965499535	0.004336331995663668	0.012115102987884896	0.018163144981836857	0.07635177542364822	0.012000988987999011	0.03136233096863767	0.004669164495330836	0.14947032085052966	0.0016356339983643658	0.004374369995625629	0.0019494474980505524	0.0027957929972042064	0.18430361931569636	0.31380399018619604	0.8094296201905704	0.24677152475322844	0.0007987979992012018	0.006437931493562069	0.00032332299967667674	0.004070065995929934	0.09579870290420131	0.09443884440556115	0.09528518990471481	0.08733524791266474	0.00014264249985735723	0.008929420491070579	0.00379429049620571	0.020835314479164684	0.10433823389566177	0.06816409593183591	0.01294242948705757	0.9980505525019494	0.0055155099944844905	0.0009509499990490503	0.0008273264991726734	0.009091081990908918	0.05938682744061317	0.15056391334943603	0.8719736016280263	0.18333365031666632	0.00283383099716617	0.005268262994731738	0.0006086079993913925	0.014511496985488506	0.038969930961030075	0.06101295193898705	0.05666711044333289	0.055573517944426484	0.015928412484071588	0.0276250974723749	0.0064094029935905985	0.2311093782688906
A[T>A]T	0.014254740485745264	0.0009604594990395392	0.01875273398124727	0.06555849293444149	0.017126609482873395	0.01856254398143746	0.020911390479088614	0.01779227448220773	0.0817721904182278	0.08919910991080088	0.4742577835257422	0.06903896993096102	0.018096578481903425	0.014159645485840358	0.020141120979858883	0.0	0.025190665474809328	0.02398295897601704	0.04862207345137792	0.014226211985773788	0.018087068981912938	0.006894387493105617	0.015766750984233253	0.04129024895870974	0.022718195477281804	0.034833298465166695	0.0049734684950265284	0.33403069666596935	0.021881359478118645	0.021776754978223248	0.020597576979402427	0.020635614979364388	0.02557104547442895	0.06532075543467923	0.4082333250917667	0.06921014093078985	0.021957435478042568	0.012229216987770788	0.016413396983586608	0.012438425987561577	0.001473972498526023	0.023032008976967982	0.07092185092907814	0.014359344985640652	0.015804788984195215	0.008026017991973987	0.001977975998022026	0.05621065444378934	0.008140131991859872	0.011221209988778787	0.015471956484528048	0.1293291998706708	0.01850548698149452	0.015766750984233253	0.022090568477909436	0.017345327982654677	0.1641624983358375	0.29366286920633716	0.7892884992107115	0.22663040377336957	0.020939918979060085	0.013703189486296815	0.019817797980182208	0.01607105498392895	0.07565758192434242	0.07429772342570226	0.07514406892485592	0.06719412693280585	0.020283763479716242	0.011211700488788305	0.016346830483653173	0.0006941934993058008	0.08419711291580288	0.04802297495197702	0.007198691492801314	0.9779094315220905	0.014625610985374394	0.019190170980809832	0.020968447479031555	0.011050038988949965	0.03924570646075429	0.13042279236957716	0.8518324806481674	0.16319252933680745	0.017307289982692715	0.014872857985127146	0.01953251298046749	0.005629623994370378	0.01882880998117119	0.040871830959128164	0.036525989463474004	0.0354323969645676	0.004212708495787296	0.007483976492516017	0.013731717986268285	0.21096825728903174
A[T>C]A	0.03944540596055459	0.02423020597576979	0.043943399456056596	0.04036782745963217	0.04231727495768273	0.04375320945624679	0.04610205595389794	0.04298293995701706	0.05658152494341847	0.06400844443599155	0.44906711805093286	0.0438483044561517	0.043287243956712754	0.039350310960649684	0.04533178645466821	0.025190665474809328	0.0	0.001207706498792288	0.023431407976568598	0.01096445348903554	0.04327773445672226	0.032085052967914945	0.040957416459042585	0.016099583483900413	0.002472469997527524	0.00964263299035737	0.0202171969797828	0.30884003119116	0.04707202495292797	0.04696742045303258	0.04578824245421176	0.045826280454173716	0.0003803799996196233	0.040130089959869907	0.3830426596169573	0.044019475455980527	0.0471481009528519	0.037419882462580115	0.041604062458395936	0.03762909146237091	0.023716692976283305	0.0021586564978413464	0.04573118545426882	0.010831320489168676	0.04099545445900454	0.03321668346678332	0.027168641472831354	0.031019988968980013	0.0333307974666692	0.013969455486030541	0.040662621959337376	0.10413853439586146	0.043696152456303844	0.040957416459042585	0.047281233952718764	0.042535993457464005	0.13897183286102816	0.2684722037315278	0.7640978337359022	0.20143973829856024	0.046130584453869417	0.038893854961106145	0.045008463454991536	0.04126172045873828	0.0504669164495331	0.049107057950892936	0.0499534034500466	0.04200346145799653	0.04547442895452557	0.03640236596359763	0.041537495958462504	0.024496471975503527	0.05900644744099356	0.022832309477167696	0.03238935696761064	0.9527187660472812	0.03981627646018372	0.04438083645561916	0.04615911295384088	0.03624070446375929	0.014055040985944955	0.10523212689476782	0.8266418151733581	0.13800186386199811	0.04249795545750204	0.040063523459936475	0.04472317845527682	0.030820289469179706	0.006361855493638137	0.01568116548431884	0.01133532398866468	0.010241731489758273	0.029403373970596624	0.01770668898229331	0.03892238346107761	0.1857775918142224
A[T>C]C	0.0382376994617623	0.0230224994769775	0.04273569295726431	0.041575533958424456	0.04110956845889044	0.042545502957454504	0.044894349455105655	0.04177523345822477	0.05778923144221076	0.06521615093478383	0.45027482454972517	0.045056010954943986	0.042079537457920466	0.038142604461857396	0.044124079955875924	0.02398295897601704	0.001207706498792288	0.0	0.024639114475360886	0.009756746990243252	0.042070027957929974	0.030877346469122657	0.0397497099602503	0.0173072899826927	0.0012647634987352357	0.010850339489149659	0.01900949048099051	0.3100477376899523	0.04586431845413568	0.04575971395424029	0.04458053595541947	0.04461857395538143	0.0015880864984119114	0.041337796458662195	0.38425036611574964	0.045227181954772815	0.04594039445405961	0.03621217596378783	0.04039635595960365	0.03642138496357862	0.022508986477491017	0.0009509499990490583	0.046938891953061106	0.009623613990376388	0.039787747960212255	0.03200897696799103	0.025960934974039066	0.0322276954677723	0.03212309096787691	0.012761748987238253	0.03945491546054509	0.10534624089465375	0.042488445957511556	0.0397497099602503	0.046073527453926476	0.04132828695867172	0.14017953935982044	0.2696799102303201	0.7653055402346945	0.20264744479735253	0.04492287795507713	0.037686148462313857	0.04380075695619925	0.04005401395994599	0.05167462294832539	0.050314764449685224	0.051161109948838886	0.04321116795678882	0.04426672245573328	0.03519465946480534	0.040329789459670216	0.02328876547671124	0.060214153939785846	0.024040015975959984	0.031181650468818354	0.9539264725460735	0.038608569961391434	0.04317312995682687	0.044951406455048595	0.035032997964967005	0.015262747484737244	0.10643983339356011	0.8278495216721504	0.1392095703607904	0.04129024895870975	0.038855816961144186	0.04351547195648453	0.029612582970387418	0.005154148994845849	0.016888871983111127	0.012543030487456967	0.01144943798855056	0.028195667471804336	0.016498982483501023	0.03771467696228532	0.1869852983130147
A[T>C]G	0.06287681393712319	0.04766161395233839	0.0673748074326252	0.01693641948306357	0.06574868293425132	0.06718461743281538	0.06953346393046654	0.06641434793358565	0.03315011696684987	0.040577036459422955	0.4256357100743643	0.0204168964795831	0.06671865193328136	0.06278171893721829	0.06876319443123681	0.04862207345137792	0.023431407976568598	0.024639114475360886	0.0	0.03439586146560414	0.06670914243329086	0.055516460944483544	0.06438882443561118	0.007331824492668185	0.025903877974096122	0.013788774986211227	0.043648604956351394	0.2854086232145914	0.07050343292949657	0.07039882842960117	0.06921965043078035	0.06925768843074231	0.023051027976948975	0.01669868198330131	0.35961125164038876	0.02058806747941193	0.0705795089294205	0.06085129043914871	0.06503547043496453	0.0610604994389395	0.04714810095285191	0.025590064474409945	0.02229977747770022	0.034262728465737274	0.06442686243557313	0.056648091443351915	0.050600049449399956	0.0075885809924114145	0.0567622054432378	0.03740086346259914	0.06409402993590597	0.08070712641929287	0.06712756043287245	0.06438882443561118	0.07071264192928736	0.0659674014340326	0.11554042488445956	0.2450407957549592	0.7406664257593336	0.17800833032199165	0.06956199243043801	0.06232526293767474	0.06843987143156013	0.06469312843530688	0.0270355084729645	0.025675649974324338	0.026521995473478	0.01857205348142793	0.06890583693109417	0.05983377394016623	0.0649689039350311	0.04792787995207212	0.03557503946442496	0.0005990984994009019	0.055820764944179244	0.9292873580707126	0.06324768443675231	0.06781224443218777	0.06959052093040949	0.05967211244032789	0.009376366990623643	0.08180071891819923	0.8032104071967895	0.11457045588542952	0.06592936343407065	0.06349493143650507	0.06815458643184542	0.0542516974457483	0.029793263470206735	0.007750242492249759	0.012096083987903919	0.013189676486810326	0.05283478194716522	0.041138096958861906	0.06235379143764621	0.1623461838376538
A[T>C]T	0.02848095247151905	0.013265752486734249	0.032978945967021056	0.05133228094866771	0.03135282146864718	0.03278875596721125	0.0351376024648624	0.03201848646798152	0.06754597843245401	0.0749728979250271	0.46003157153996843	0.05481275794518724	0.032322790467677213	0.028385857471614144	0.03436733296563267	0.014226211985773788	0.01096445348903554	0.009756746990243252	0.03439586146560414	0.0	0.03231328096768672	0.021120599478879405	0.02999296297000704	0.027064036972935954	0.008491983491508016	0.02060708647939291	0.00925274349074726	0.3198044846801955	0.03610757146389243	0.03600296696399704	0.03482378896517622	0.034861826965138176	0.011344833488655164	0.05109454344890545	0.3940071131059929	0.05498392894501607	0.03618364746381636	0.026455428973544574	0.030639608969360396	0.026664637973335365	0.012752239487247765	0.008805796991194194	0.05669563894330436	0.000133132999866864	0.030031000969969003	0.022252229977747777	0.016204187983795814	0.04198444245801555	0.02236634397763366	0.0030050019969950006	0.029698168470301836	0.115102987884897	0.032731698967268304	0.02999296297000704	0.036316780463683224	0.031571539968428465	0.1499362863500637	0.2794366572205633	0.7750622872249378	0.2124041917875958	0.035166130964833876	0.027929401472070604	0.034044009965955996	0.030297266969702738	0.06143136993856864	0.06007151143992848	0.06091785693908214	0.05296791494703207	0.03450997546549003	0.02543791247456209	0.03057304246942696	0.013532018486467987	0.0699709009300291	0.033796762966203237	0.021424903478575102	0.9636832195363167	0.028851822971148182	0.03341638296658362	0.03519465946480534	0.025276250974723753	0.025019494474980496	0.11619658038380337	0.8376062686623936	0.14896631735103366	0.0315335019684665	0.029099069970900934	0.03375872496624128	0.019855835980144166	0.004602597995397403	0.02664561897335438	0.02229977747770022	0.021206184978793813	0.018438920481561084	0.006742235493257771	0.02795792997204207	0.19674204530325795
