	A[C>A]A	A[C>A]C	A[C>A]G	A[C>A]T	A[C>G]A	A[C>G]C	A[C>G]G	A[C>G]T	A[C>T]A	A[C>T]C	A[C>T]G	A[C>T]T	A[T>A]A	A[T>A]C	A[T>A]G	A[T>A]T	A[T>C]A	A[T>C]C	A[T>C]G	A[T>C]T	A[T>G]A	A[T>G]C	A[T>G]G	A[T>G]T	C[C>A]A	C[C>A]C	C[C>A]G	C[C>A]T	C[C>G]A	C[C>G]C	C[C>G]G	C[C>G]T	C[C>T]A	C[C>T]C	C[C>T]G	C[C>T]T	C[T>A]A	C[T>A]C	C[T>A]G	C[T>A]T	C[T>C]A	C[T>C]C	C[T>C]G	C[T>C]T	C[T>G]A	C[T>G]C	C[T>G]G	C[T>G]T	G[C>A]A	G[C>A]C	G[C>A]G	G[C>A]T	G[C>G]A	G[C>G]C	G[C>G]G	G[C>G]T	G[C>T]A	G[C>T]C	G[C>T]G	G[C>T]T	G[T>A]A	G[T>A]C	G[T>A]G	G[T>A]T	G[T>C]A	G[T>C]C	G[T>C]G	G[T>C]T	G[T>G]A	G[T>G]C	G[T>G]G	G[T>G]T	T[C>A]A	T[C>A]C	T[C>A]G	T[C>A]T	T[C>G]A	T[C>G]C	T[C>G]G	T[C>G]T	T[C>T]A	T[C>T]C	T[C>T]G	T[C>T]T	T[T>A]A	T[T>A]C	T[T>A]G	T[T>A]T	T[T>C]A	T[T>C]C	T[T>C]G	T[T>C]T	T[T>G]A	T[T>G]C	T[T>G]G	T[T>G]T
A[C>A]A	0.0	0.015625	0.06250000000000001	0.09895833333333336	0.07812500000000003	0.0260416666666667	0.10937500000000003	0.08333333333333336	0.052083333333333315	0.11979166666666663	0.625	0.010416666666666657	0.11458333333333336	0.005208333333333315	0.041666666666666685	0.11458333333333336	0.10416666666666663	0.015625	0.16145833333333331	0.11979166666666663	0.11979166666666669	0.11979166666666669	0.10937500000000003	0.09895833333333336	0.005208333333333315	0.005208333333333315	0.08333333333333336	0.07291666666666669	0.036458333333333356	0.057291666666666685	0.11458333333333336	0.015625	0.14583333333333331	0.15624999999999994	0.4479166666666667	0.14062499999999994	0.10416666666666669	0.08333333333333336	0.06770833333333336	0.09895833333333336	0.052083333333333356	0.0260416666666667	0.14062499999999994	0.005208333333333315	0.13020833333333334	0.08854166666666669	0.07812500000000003	0.057291666666666685	0.010416666666666685	0.0260416666666667	0.09375000000000003	0.052083333333333356	0.07291666666666669	0.0260416666666667	0.11458333333333336	0.08854166666666669	0.08854166666666666	0.33333333333333326	0.8645833333333333	0.10416666666666663	0.10937500000000003	0.09375000000000003	0.08854166666666669	0.09375000000000003	0.046875000000000014	0.015625	0.0	0.052083333333333315	0.13541666666666669	0.09895833333333336	0.09895833333333336	0.12500000000000003	0.020833333333333356	0.020833333333333343	0.07291666666666669	0.041666666666666685	0.03125000000000003	0.020833333333333343	0.10416666666666669	0.020833333333333343	0.08333333333333331	0.25520833333333326	0.31770833333333326	0.07812499999999997	0.11979166666666669	0.10416666666666669	0.13020833333333334	0.13020833333333334	0.08333333333333336	0.036458333333333356	0.036458333333333356	0.020833333333333356	0.12500000000000003	0.09895833333333336	0.10416666666666669	0.07812500000000003
A[C>A]C	0.015625	0.0	0.046875000000000014	0.08333333333333336	0.06250000000000003	0.010416666666666699	0.09375000000000003	0.06770833333333336	0.06770833333333331	0.13541666666666663	0.640625	0.026041666666666657	0.09895833333333336	0.020833333333333315	0.026041666666666685	0.09895833333333336	0.11979166666666663	0.03125	0.17708333333333331	0.13541666666666663	0.10416666666666669	0.10416666666666669	0.09375000000000003	0.08333333333333336	0.020833333333333315	0.020833333333333315	0.06770833333333336	0.057291666666666685	0.020833333333333356	0.041666666666666685	0.09895833333333336	0.03125	0.16145833333333331	0.17187499999999994	0.4635416666666667	0.15624999999999994	0.08854166666666669	0.06770833333333336	0.052083333333333356	0.08333333333333336	0.036458333333333356	0.010416666666666699	0.15624999999999994	0.020833333333333315	0.11458333333333336	0.07291666666666669	0.06250000000000003	0.041666666666666685	0.005208333333333315	0.010416666666666699	0.07812500000000003	0.036458333333333356	0.057291666666666685	0.010416666666666699	0.09895833333333336	0.07291666666666669	0.10416666666666666	0.34895833333333326	0.8802083333333333	0.11979166666666663	0.09375000000000003	0.07812500000000003	0.07291666666666669	0.07812500000000003	0.031250000000000014	0.0	0.015625	0.06770833333333331	0.11979166666666669	0.08333333333333336	0.08333333333333336	0.10937500000000001	0.0052083333333333565	0.03645833333333334	0.057291666666666685	0.026041666666666685	0.015625000000000028	0.03645833333333334	0.08854166666666669	0.03645833333333334	0.09895833333333331	0.27083333333333326	0.33333333333333326	0.09374999999999997	0.10416666666666669	0.08854166666666669	0.11458333333333336	0.11458333333333336	0.06770833333333336	0.020833333333333356	0.020833333333333356	0.0052083333333333565	0.10937500000000001	0.08333333333333336	0.08854166666666669	0.06250000000000003
A[C>A]G	0.06250000000000001	0.046875000000000014	0.0	0.03645833333333334	0.015625000000000014	0.036458333333333315	0.04687500000000001	0.020833333333333343	0.11458333333333333	0.18229166666666663	0.6875	0.07291666666666667	0.05208333333333334	0.06770833333333333	0.02083333333333333	0.05208333333333334	0.16666666666666663	0.07812500000000001	0.22395833333333331	0.18229166666666663	0.05729166666666667	0.05729166666666667	0.04687500000000001	0.03645833333333334	0.06770833333333333	0.06770833333333333	0.020833333333333343	0.010416666666666671	0.026041666666666657	0.005208333333333329	0.05208333333333334	0.07812500000000001	0.20833333333333331	0.21874999999999994	0.5104166666666667	0.20312499999999994	0.04166666666666667	0.020833333333333343	0.005208333333333343	0.03645833333333334	0.010416666666666657	0.036458333333333315	0.20312499999999994	0.06770833333333333	0.06770833333333334	0.02604166666666667	0.015625000000000014	0.005208333333333329	0.05208333333333333	0.036458333333333315	0.03125000000000001	0.010416666666666657	0.010416666666666671	0.036458333333333315	0.05208333333333334	0.02604166666666667	0.15104166666666669	0.39583333333333326	0.9270833333333334	0.16666666666666663	0.04687500000000001	0.03125000000000001	0.02604166666666667	0.03125000000000001	0.015625	0.046875000000000014	0.06250000000000001	0.11458333333333333	0.07291666666666667	0.03645833333333334	0.03645833333333334	0.0625	0.04166666666666666	0.08333333333333336	0.010416666666666671	0.02083333333333333	0.031249999999999986	0.08333333333333336	0.04166666666666667	0.08333333333333336	0.14583333333333331	0.31770833333333326	0.38020833333333326	0.140625	0.05729166666666667	0.04166666666666667	0.06770833333333334	0.06770833333333334	0.020833333333333343	0.026041666666666657	0.026041666666666657	0.04166666666666666	0.0625	0.03645833333333334	0.04166666666666667	0.015625000000000014
A[C>A]T	0.09895833333333336	0.08333333333333336	0.03645833333333334	0.0	0.02083333333333333	0.07291666666666666	0.010416666666666664	0.015625	0.15104166666666669	0.21875	0.7239583333333333	0.10937500000000001	0.015624999999999997	0.10416666666666667	0.05729166666666667	0.015624999999999997	0.203125	0.11458333333333336	0.2604166666666667	0.21875	0.020833333333333332	0.020833333333333332	0.010416666666666664	0.0	0.10416666666666667	0.10416666666666667	0.015625	0.02604166666666667	0.0625	0.04166666666666667	0.015624999999999997	0.11458333333333336	0.24479166666666669	0.2552083333333333	0.546875	0.23958333333333331	0.005208333333333329	0.015625	0.03125	0.0	0.046875	0.07291666666666666	0.23958333333333331	0.10416666666666667	0.031249999999999997	0.010416666666666671	0.02083333333333333	0.04166666666666667	0.08854166666666667	0.07291666666666666	0.005208333333333336	0.046875	0.02604166666666667	0.07291666666666666	0.015624999999999997	0.010416666666666671	0.1875	0.43229166666666663	0.9635416666666666	0.203125	0.010416666666666664	0.005208333333333336	0.010416666666666671	0.005208333333333336	0.05208333333333334	0.08333333333333336	0.09895833333333336	0.15104166666666669	0.03645833333333333	0.0	0.0	0.02604166666666666	0.078125	0.1197916666666667	0.02604166666666667	0.05729166666666667	0.06770833333333333	0.1197916666666667	0.005208333333333329	0.1197916666666667	0.18229166666666669	0.35416666666666663	0.41666666666666663	0.17708333333333331	0.020833333333333332	0.005208333333333329	0.031249999999999997	0.031249999999999997	0.015625	0.0625	0.0625	0.078125	0.02604166666666666	0.0	0.005208333333333329	0.02083333333333333
A[C>G]A	0.07812500000000003	0.06250000000000003	0.015625000000000014	0.02083333333333333	0.0	0.05208333333333333	0.031249999999999993	0.005208333333333329	0.13020833333333334	0.19791666666666666	0.703125	0.08854166666666669	0.03645833333333333	0.08333333333333334	0.03645833333333334	0.03645833333333333	0.18229166666666666	0.09375000000000003	0.23958333333333334	0.19791666666666666	0.04166666666666666	0.04166666666666666	0.031249999999999993	0.02083333333333333	0.08333333333333334	0.08333333333333334	0.005208333333333329	0.005208333333333343	0.04166666666666667	0.020833333333333343	0.03645833333333333	0.09375000000000003	0.22395833333333334	0.23437499999999997	0.5260416666666667	0.21874999999999997	0.026041666666666657	0.005208333333333329	0.010416666666666671	0.02083333333333333	0.02604166666666667	0.05208333333333333	0.21874999999999997	0.08333333333333334	0.05208333333333332	0.010416666666666657	0.0	0.020833333333333343	0.06770833333333334	0.05208333333333333	0.015624999999999993	0.02604166666666667	0.005208333333333343	0.05208333333333333	0.03645833333333333	0.010416666666666657	0.16666666666666669	0.41145833333333326	0.9427083333333334	0.18229166666666666	0.031249999999999993	0.015624999999999993	0.010416666666666657	0.015624999999999993	0.031250000000000014	0.06250000000000003	0.07812500000000003	0.13020833333333334	0.05729166666666666	0.02083333333333333	0.02083333333333333	0.046874999999999986	0.05729166666666667	0.09895833333333337	0.005208333333333343	0.03645833333333334	0.046875	0.09895833333333337	0.026041666666666657	0.09895833333333337	0.16145833333333334	0.33333333333333326	0.39583333333333326	0.15625	0.04166666666666666	0.026041666666666657	0.05208333333333332	0.05208333333333332	0.005208333333333329	0.04166666666666667	0.04166666666666667	0.05729166666666667	0.046874999999999986	0.02083333333333333	0.026041666666666657	0.0
A[C>G]C	0.0260416666666667	0.010416666666666699	0.036458333333333315	0.07291666666666666	0.05208333333333333	0.0	0.08333333333333331	0.05729166666666666	0.07812500000000001	0.14583333333333331	0.6510416666666666	0.036458333333333356	0.08854166666666666	0.031250000000000014	0.015624999999999986	0.08854166666666666	0.13020833333333331	0.0416666666666667	0.1875	0.14583333333333331	0.09374999999999999	0.09374999999999999	0.08333333333333331	0.07291666666666666	0.031250000000000014	0.031250000000000014	0.05729166666666666	0.046874999999999986	0.010416666666666657	0.031249999999999986	0.08854166666666666	0.0416666666666667	0.171875	0.18229166666666663	0.47395833333333337	0.16666666666666663	0.07812499999999999	0.05729166666666666	0.04166666666666666	0.07291666666666666	0.026041666666666657	0.0	0.16666666666666663	0.031250000000000014	0.10416666666666666	0.062499999999999986	0.05208333333333333	0.031249999999999986	0.015625000000000014	0.0	0.06770833333333331	0.026041666666666657	0.046874999999999986	0.0	0.08854166666666666	0.062499999999999986	0.11458333333333336	0.35937499999999994	0.890625	0.13020833333333331	0.08333333333333331	0.06770833333333331	0.062499999999999986	0.06770833333333331	0.020833333333333315	0.010416666666666699	0.0260416666666667	0.07812500000000001	0.10937499999999999	0.07291666666666666	0.07291666666666666	0.09895833333333331	0.005208333333333343	0.04687500000000004	0.046874999999999986	0.015624999999999986	0.005208333333333329	0.04687500000000004	0.07812499999999999	0.04687500000000004	0.10937500000000001	0.28124999999999994	0.34374999999999994	0.10416666666666667	0.09374999999999999	0.07812499999999999	0.10416666666666666	0.10416666666666666	0.05729166666666666	0.010416666666666657	0.010416666666666657	0.005208333333333343	0.09895833333333331	0.07291666666666666	0.07812499999999999	0.05208333333333333
A[C>G]G	0.10937500000000003	0.09375000000000003	0.04687500000000001	0.010416666666666664	0.031249999999999993	0.08333333333333331	0.0	0.026041666666666664	0.16145833333333334	0.22916666666666666	0.734375	0.11979166666666669	0.005208333333333332	0.11458333333333334	0.06770833333333334	0.005208333333333332	0.21354166666666666	0.12500000000000003	0.2708333333333333	0.22916666666666666	0.010416666666666668	0.010416666666666668	0.0	0.010416666666666664	0.11458333333333334	0.11458333333333334	0.026041666666666664	0.036458333333333336	0.07291666666666666	0.052083333333333336	0.005208333333333332	0.12500000000000003	0.2552083333333333	0.26562499999999994	0.5572916666666667	0.24999999999999997	0.005208333333333336	0.026041666666666664	0.041666666666666664	0.010416666666666664	0.057291666666666664	0.08333333333333331	0.24999999999999997	0.11458333333333334	0.020833333333333332	0.020833333333333336	0.031249999999999993	0.052083333333333336	0.09895833333333334	0.08333333333333331	0.015625	0.057291666666666664	0.036458333333333336	0.08333333333333331	0.005208333333333332	0.020833333333333336	0.19791666666666669	0.44270833333333326	0.9739583333333334	0.21354166666666666	0.0	0.015625	0.020833333333333336	0.015625	0.0625	0.09375000000000003	0.10937500000000003	0.16145833333333334	0.026041666666666664	0.010416666666666664	0.010416666666666664	0.015624999999999997	0.08854166666666666	0.13020833333333337	0.036458333333333336	0.06770833333333334	0.078125	0.13020833333333337	0.005208333333333336	0.13020833333333337	0.19270833333333334	0.36458333333333326	0.42708333333333326	0.1875	0.010416666666666668	0.005208333333333336	0.020833333333333332	0.020833333333333332	0.026041666666666664	0.07291666666666666	0.07291666666666666	0.08854166666666666	0.015624999999999997	0.010416666666666664	0.005208333333333336	0.031249999999999993
A[C>G]T	0.08333333333333336	0.06770833333333336	0.020833333333333343	0.015625	0.005208333333333329	0.05729166666666666	0.026041666666666664	0.0	0.13541666666666669	0.203125	0.7083333333333333	0.09375000000000001	0.031249999999999997	0.08854166666666667	0.04166666666666667	0.031249999999999997	0.1875	0.09895833333333336	0.24479166666666669	0.203125	0.03645833333333333	0.03645833333333333	0.026041666666666664	0.015625	0.08854166666666667	0.08854166666666667	0.0	0.010416666666666671	0.046875	0.02604166666666667	0.031249999999999997	0.09895833333333336	0.22916666666666669	0.23958333333333331	0.53125	0.22395833333333331	0.02083333333333333	0.0	0.015625	0.015625	0.03125	0.05729166666666666	0.22395833333333331	0.08854166666666667	0.04687499999999999	0.005208333333333329	0.005208333333333329	0.02604166666666667	0.07291666666666667	0.05729166666666666	0.010416666666666664	0.03125	0.010416666666666671	0.05729166666666666	0.031249999999999997	0.005208333333333329	0.171875	0.41666666666666663	0.9479166666666666	0.1875	0.026041666666666664	0.010416666666666664	0.005208333333333329	0.010416666666666664	0.03645833333333334	0.06770833333333336	0.08333333333333336	0.13541666666666669	0.05208333333333333	0.015625	0.015625	0.04166666666666666	0.0625	0.1041666666666667	0.010416666666666671	0.04166666666666667	0.05208333333333333	0.1041666666666667	0.02083333333333333	0.1041666666666667	0.16666666666666669	0.33854166666666663	0.40104166666666663	0.16145833333333331	0.03645833333333333	0.02083333333333333	0.04687499999999999	0.04687499999999999	0.0	0.046875	0.046875	0.0625	0.04166666666666666	0.015625	0.02083333333333333	0.005208333333333329
A[C>T]A	0.052083333333333315	0.06770833333333331	0.11458333333333333	0.15104166666666669	0.13020833333333334	0.07812500000000001	0.16145833333333334	0.13541666666666669	0.0	0.06770833333333331	0.5729166666666666	0.04166666666666666	0.16666666666666666	0.046875	0.09375	0.16666666666666666	0.052083333333333315	0.036458333333333315	0.109375	0.06770833333333331	0.171875	0.171875	0.16145833333333334	0.15104166666666669	0.046875	0.046875	0.13541666666666669	0.125	0.08854166666666667	0.109375	0.16666666666666666	0.036458333333333315	0.09375	0.10416666666666663	0.39583333333333337	0.08854166666666663	0.15625	0.13541666666666669	0.11979166666666667	0.15104166666666669	0.10416666666666667	0.07812500000000001	0.08854166666666663	0.046875	0.18229166666666666	0.140625	0.13020833333333334	0.109375	0.0625	0.07812500000000001	0.14583333333333334	0.10416666666666667	0.125	0.07812500000000001	0.16666666666666666	0.140625	0.03645833333333334	0.28124999999999994	0.8125	0.052083333333333315	0.16145833333333334	0.14583333333333334	0.140625	0.14583333333333334	0.09895833333333333	0.06770833333333331	0.052083333333333315	0.0	0.1875	0.15104166666666669	0.15104166666666669	0.17708333333333334	0.07291666666666667	0.031249999999999972	0.125	0.09375	0.08333333333333334	0.031249999999999972	0.15625	0.031249999999999972	0.03125	0.20312499999999994	0.26562499999999994	0.026041666666666657	0.171875	0.15625	0.18229166666666666	0.18229166666666666	0.13541666666666669	0.08854166666666667	0.08854166666666667	0.07291666666666667	0.17708333333333334	0.15104166666666669	0.15625	0.13020833333333334
A[C>T]C	0.11979166666666663	0.13541666666666663	0.18229166666666663	0.21875	0.19791666666666666	0.14583333333333331	0.22916666666666666	0.203125	0.06770833333333331	0.0	0.5052083333333333	0.10937499999999997	0.23437499999999997	0.11458333333333331	0.16145833333333331	0.23437499999999997	0.015625	0.10416666666666663	0.041666666666666685	0.0	0.23958333333333331	0.23958333333333331	0.22916666666666666	0.21875	0.11458333333333331	0.11458333333333331	0.203125	0.19270833333333331	0.15625	0.17708333333333331	0.23437499999999997	0.10416666666666663	0.026041666666666685	0.036458333333333315	0.32812500000000006	0.020833333333333315	0.22395833333333331	0.203125	0.1875	0.21875	0.171875	0.14583333333333331	0.020833333333333315	0.11458333333333331	0.24999999999999997	0.20833333333333331	0.19791666666666666	0.17708333333333331	0.13020833333333331	0.14583333333333331	0.21354166666666666	0.171875	0.19270833333333331	0.14583333333333331	0.23437499999999997	0.20833333333333331	0.031249999999999972	0.21354166666666663	0.7447916666666667	0.015625	0.22916666666666666	0.21354166666666666	0.20833333333333331	0.21354166666666666	0.16666666666666663	0.13541666666666663	0.11979166666666663	0.06770833333333331	0.2552083333333333	0.21875	0.21875	0.24479166666666666	0.140625	0.09895833333333329	0.19270833333333331	0.16145833333333331	0.15104166666666666	0.09895833333333329	0.22395833333333331	0.09895833333333329	0.036458333333333315	0.13541666666666663	0.19791666666666663	0.04166666666666666	0.23958333333333331	0.22395833333333331	0.24999999999999997	0.24999999999999997	0.203125	0.15625	0.15625	0.140625	0.24479166666666666	0.21875	0.22395833333333331	0.19791666666666666
A[C>T]G	0.625	0.640625	0.6875	0.7239583333333333	0.703125	0.6510416666666666	0.734375	0.7083333333333333	0.5729166666666666	0.5052083333333333	0.0	0.6145833333333333	0.7395833333333333	0.6197916666666666	0.6666666666666666	0.7395833333333333	0.5208333333333333	0.609375	0.46354166666666663	0.5052083333333333	0.7447916666666666	0.7447916666666666	0.734375	0.7239583333333333	0.6197916666666666	0.6197916666666666	0.7083333333333333	0.6979166666666666	0.6614583333333333	0.6822916666666666	0.7395833333333333	0.609375	0.47916666666666663	0.46875	0.17708333333333326	0.484375	0.7291666666666666	0.7083333333333333	0.6927083333333333	0.7239583333333333	0.6770833333333333	0.6510416666666666	0.484375	0.6197916666666666	0.7552083333333333	0.7135416666666666	0.703125	0.6822916666666666	0.6354166666666666	0.6510416666666666	0.71875	0.6770833333333333	0.6979166666666666	0.6510416666666666	0.7395833333333333	0.7135416666666666	0.5364583333333333	0.2916666666666667	0.23958333333333337	0.5208333333333333	0.734375	0.71875	0.7135416666666666	0.71875	0.671875	0.640625	0.625	0.5729166666666666	0.7604166666666666	0.7239583333333333	0.7239583333333333	0.75	0.6458333333333333	0.6041666666666666	0.6979166666666666	0.6666666666666666	0.65625	0.6041666666666666	0.7291666666666666	0.6041666666666666	0.5416666666666666	0.3697916666666667	0.3072916666666667	0.546875	0.7447916666666666	0.7291666666666666	0.7552083333333333	0.7552083333333333	0.7083333333333333	0.6614583333333333	0.6614583333333333	0.6458333333333333	0.75	0.7239583333333333	0.7291666666666666	0.703125
A[C>T]T	0.010416666666666657	0.026041666666666657	0.07291666666666667	0.10937500000000001	0.08854166666666669	0.036458333333333356	0.11979166666666669	0.09375000000000001	0.04166666666666666	0.10937499999999997	0.6145833333333333	0.0	0.125	0.005208333333333343	0.05208333333333334	0.125	0.09374999999999997	0.005208333333333343	0.15104166666666666	0.10937499999999997	0.13020833333333334	0.13020833333333334	0.11979166666666669	0.10937500000000001	0.005208333333333343	0.005208333333333343	0.09375000000000001	0.08333333333333334	0.046875000000000014	0.06770833333333334	0.125	0.005208333333333343	0.13541666666666666	0.1458333333333333	0.4375	0.1302083333333333	0.11458333333333334	0.09375000000000001	0.07812500000000001	0.10937500000000001	0.06250000000000001	0.036458333333333356	0.1302083333333333	0.005208333333333343	0.140625	0.09895833333333334	0.08854166666666669	0.06770833333333334	0.020833333333333343	0.036458333333333356	0.10416666666666669	0.06250000000000001	0.08333333333333334	0.036458333333333356	0.125	0.09895833333333334	0.078125	0.32291666666666663	0.8541666666666666	0.09374999999999997	0.11979166666666669	0.10416666666666669	0.09895833333333334	0.10416666666666669	0.05729166666666667	0.026041666666666657	0.010416666666666657	0.04166666666666666	0.14583333333333334	0.10937500000000001	0.10937500000000001	0.13541666666666669	0.031250000000000014	0.010416666666666685	0.08333333333333334	0.05208333333333334	0.041666666666666685	0.010416666666666685	0.11458333333333334	0.010416666666666685	0.07291666666666666	0.2447916666666666	0.30729166666666663	0.06770833333333331	0.13020833333333334	0.11458333333333334	0.140625	0.140625	0.09375000000000001	0.046875000000000014	0.046875000000000014	0.031250000000000014	0.13541666666666669	0.10937500000000001	0.11458333333333334	0.08854166666666669
A[T>A]A	0.11458333333333336	0.09895833333333336	0.05208333333333334	0.015624999999999997	0.03645833333333333	0.08854166666666666	0.005208333333333332	0.031249999999999997	0.16666666666666666	0.23437499999999997	0.7395833333333333	0.125	0.0	0.11979166666666667	0.07291666666666667	0.0	0.21874999999999997	0.13020833333333334	0.2760416666666667	0.23437499999999997	0.005208333333333336	0.005208333333333336	0.005208333333333332	0.015624999999999997	0.11979166666666667	0.11979166666666667	0.031249999999999997	0.04166666666666667	0.078125	0.05729166666666667	0.0	0.13020833333333334	0.2604166666666667	0.2708333333333333	0.5625	0.2552083333333333	0.010416666666666668	0.031249999999999997	0.046875	0.015624999999999997	0.0625	0.08854166666666666	0.2552083333333333	0.11979166666666667	0.015625	0.026041666666666668	0.03645833333333333	0.05729166666666667	0.10416666666666667	0.08854166666666666	0.020833333333333332	0.0625	0.04166666666666667	0.08854166666666666	0.0	0.026041666666666668	0.203125	0.44791666666666663	0.9791666666666666	0.21874999999999997	0.005208333333333332	0.020833333333333332	0.026041666666666668	0.020833333333333332	0.06770833333333334	0.09895833333333336	0.11458333333333336	0.16666666666666666	0.020833333333333332	0.015624999999999997	0.015624999999999997	0.010416666666666664	0.09375	0.13541666666666669	0.04166666666666667	0.07291666666666667	0.08333333333333333	0.13541666666666669	0.010416666666666668	0.13541666666666669	0.19791666666666666	0.36979166666666663	0.43229166666666663	0.19270833333333331	0.005208333333333336	0.010416666666666668	0.015625	0.015625	0.031249999999999997	0.078125	0.078125	0.09375	0.010416666666666664	0.015624999999999997	0.010416666666666668	0.03645833333333333
A[T>A]C	0.005208333333333315	0.020833333333333315	0.06770833333333333	0.10416666666666667	0.08333333333333334	0.031250000000000014	0.11458333333333334	0.08854166666666667	0.046875	0.11458333333333331	0.6197916666666666	0.005208333333333343	0.11979166666666667	0.0	0.046875	0.11979166666666667	0.09895833333333331	0.010416666666666685	0.15625	0.11458333333333331	0.125	0.125	0.11458333333333334	0.10416666666666667	0.0	0.0	0.08854166666666667	0.078125	0.04166666666666667	0.0625	0.11979166666666667	0.010416666666666685	0.140625	0.15104166666666663	0.44270833333333337	0.13541666666666663	0.109375	0.08854166666666667	0.07291666666666667	0.10416666666666667	0.05729166666666667	0.031250000000000014	0.13541666666666663	0.0	0.13541666666666666	0.09375	0.08333333333333334	0.0625	0.015625	0.031250000000000014	0.09895833333333334	0.05729166666666667	0.078125	0.031250000000000014	0.11979166666666667	0.09375	0.08333333333333334	0.32812499999999994	0.859375	0.09895833333333331	0.11458333333333334	0.09895833333333334	0.09375	0.09895833333333334	0.05208333333333333	0.020833333333333315	0.005208333333333315	0.046875	0.140625	0.10416666666666667	0.10416666666666667	0.13020833333333334	0.02604166666666667	0.015625000000000028	0.078125	0.046875	0.03645833333333334	0.015625000000000028	0.109375	0.015625000000000028	0.078125	0.24999999999999994	0.31249999999999994	0.07291666666666666	0.125	0.109375	0.13541666666666666	0.13541666666666666	0.08854166666666667	0.04166666666666667	0.04166666666666667	0.02604166666666667	0.13020833333333334	0.10416666666666667	0.109375	0.08333333333333334
A[T>A]G	0.041666666666666685	0.026041666666666685	0.02083333333333333	0.05729166666666667	0.03645833333333334	0.015624999999999986	0.06770833333333334	0.04166666666666667	0.09375	0.16145833333333331	0.6666666666666666	0.05208333333333334	0.07291666666666667	0.046875	0.0	0.07291666666666667	0.14583333333333331	0.057291666666666685	0.203125	0.16145833333333331	0.078125	0.078125	0.06770833333333334	0.05729166666666667	0.046875	0.046875	0.04166666666666667	0.03125	0.005208333333333329	0.015625	0.07291666666666667	0.057291666666666685	0.1875	0.19791666666666663	0.48958333333333337	0.18229166666666663	0.0625	0.04166666666666667	0.02604166666666667	0.05729166666666667	0.010416666666666671	0.015624999999999986	0.18229166666666663	0.046875	0.08854166666666667	0.046875	0.03645833333333334	0.015625	0.03125	0.015624999999999986	0.052083333333333336	0.010416666666666671	0.03125	0.015624999999999986	0.07291666666666667	0.046875	0.13020833333333334	0.37499999999999994	0.90625	0.14583333333333331	0.06770833333333334	0.052083333333333336	0.046875	0.052083333333333336	0.005208333333333329	0.026041666666666685	0.041666666666666685	0.09375	0.09375	0.05729166666666667	0.05729166666666667	0.08333333333333333	0.02083333333333333	0.06250000000000003	0.03125	0.0	0.010416666666666657	0.06250000000000003	0.0625	0.06250000000000003	0.125	0.29687499999999994	0.35937499999999994	0.11979166666666666	0.078125	0.0625	0.08854166666666667	0.08854166666666667	0.04166666666666667	0.005208333333333329	0.005208333333333329	0.02083333333333333	0.08333333333333333	0.05729166666666667	0.0625	0.03645833333333334
A[T>A]T	0.11458333333333336	0.09895833333333336	0.05208333333333334	0.015624999999999997	0.03645833333333333	0.08854166666666666	0.005208333333333332	0.031249999999999997	0.16666666666666666	0.23437499999999997	0.7395833333333333	0.125	0.0	0.11979166666666667	0.07291666666666667	0.0	0.21874999999999997	0.13020833333333334	0.2760416666666667	0.23437499999999997	0.005208333333333336	0.005208333333333336	0.005208333333333332	0.015624999999999997	0.11979166666666667	0.11979166666666667	0.031249999999999997	0.04166666666666667	0.078125	0.05729166666666667	0.0	0.13020833333333334	0.2604166666666667	0.2708333333333333	0.5625	0.2552083333333333	0.010416666666666668	0.031249999999999997	0.046875	0.015624999999999997	0.0625	0.08854166666666666	0.2552083333333333	0.11979166666666667	0.015625	0.026041666666666668	0.03645833333333333	0.05729166666666667	0.10416666666666667	0.08854166666666666	0.020833333333333332	0.0625	0.04166666666666667	0.08854166666666666	0.0	0.026041666666666668	0.203125	0.44791666666666663	0.9791666666666666	0.21874999999999997	0.005208333333333332	0.020833333333333332	0.026041666666666668	0.020833333333333332	0.06770833333333334	0.09895833333333336	0.11458333333333336	0.16666666666666666	0.020833333333333332	0.015624999999999997	0.015624999999999997	0.010416666666666664	0.09375	0.13541666666666669	0.04166666666666667	0.07291666666666667	0.08333333333333333	0.13541666666666669	0.010416666666666668	0.13541666666666669	0.19791666666666666	0.36979166666666663	0.43229166666666663	0.19270833333333331	0.005208333333333336	0.010416666666666668	0.015625	0.015625	0.031249999999999997	0.078125	0.078125	0.09375	0.010416666666666664	0.015624999999999997	0.010416666666666668	0.03645833333333333
A[T>C]A	0.10416666666666663	0.11979166666666663	0.16666666666666663	0.203125	0.18229166666666666	0.13020833333333331	0.21354166666666666	0.1875	0.052083333333333315	0.015625	0.5208333333333333	0.09374999999999997	0.21874999999999997	0.09895833333333331	0.14583333333333331	0.21874999999999997	0.0	0.08854166666666663	0.057291666666666685	0.015625	0.22395833333333331	0.22395833333333331	0.21354166666666666	0.203125	0.09895833333333331	0.09895833333333331	0.1875	0.17708333333333331	0.140625	0.16145833333333331	0.21874999999999997	0.08854166666666663	0.041666666666666685	0.052083333333333315	0.34375000000000006	0.036458333333333315	0.20833333333333331	0.1875	0.171875	0.203125	0.15625	0.13020833333333331	0.036458333333333315	0.09895833333333331	0.23437499999999997	0.19270833333333331	0.18229166666666666	0.16145833333333331	0.11458333333333331	0.13020833333333331	0.19791666666666666	0.15625	0.17708333333333331	0.13020833333333331	0.21874999999999997	0.19270833333333331	0.015624999999999972	0.22916666666666663	0.7604166666666667	0.0	0.21354166666666666	0.19791666666666666	0.19270833333333331	0.19791666666666666	0.15104166666666663	0.11979166666666663	0.10416666666666663	0.052083333333333315	0.23958333333333331	0.203125	0.203125	0.22916666666666666	0.12499999999999999	0.08333333333333329	0.17708333333333331	0.14583333333333331	0.13541666666666666	0.08333333333333329	0.20833333333333331	0.08333333333333329	0.020833333333333315	0.15104166666666663	0.21354166666666663	0.026041666666666657	0.22395833333333331	0.20833333333333331	0.23437499999999997	0.23437499999999997	0.1875	0.140625	0.140625	0.12499999999999999	0.22916666666666666	0.203125	0.20833333333333331	0.18229166666666666
A[T>C]C	0.015625	0.03125	0.07812500000000001	0.11458333333333336	0.09375000000000003	0.0416666666666667	0.12500000000000003	0.09895833333333336	0.036458333333333315	0.10416666666666663	0.609375	0.005208333333333343	0.13020833333333334	0.010416666666666685	0.057291666666666685	0.13020833333333334	0.08854166666666663	0.0	0.14583333333333331	0.10416666666666663	0.13541666666666669	0.13541666666666669	0.12500000000000003	0.11458333333333336	0.010416666666666685	0.010416666666666685	0.09895833333333336	0.08854166666666669	0.052083333333333356	0.07291666666666669	0.13020833333333334	0.0	0.13020833333333331	0.14062499999999994	0.4322916666666667	0.12499999999999994	0.11979166666666669	0.09895833333333336	0.08333333333333336	0.11458333333333336	0.06770833333333336	0.0416666666666667	0.12499999999999994	0.010416666666666685	0.14583333333333334	0.10416666666666669	0.09375000000000003	0.07291666666666669	0.026041666666666685	0.0416666666666667	0.10937500000000003	0.06770833333333336	0.08854166666666669	0.0416666666666667	0.13020833333333334	0.10416666666666669	0.07291666666666666	0.31770833333333326	0.8489583333333333	0.08854166666666663	0.12500000000000003	0.10937500000000003	0.10416666666666669	0.10937500000000003	0.06250000000000001	0.03125	0.015625	0.036458333333333315	0.15104166666666669	0.11458333333333336	0.11458333333333336	0.14062500000000003	0.036458333333333356	0.005208333333333343	0.08854166666666669	0.057291666666666685	0.04687500000000003	0.005208333333333343	0.11979166666666669	0.005208333333333343	0.06770833333333331	0.23958333333333326	0.30208333333333326	0.06249999999999997	0.13541666666666669	0.11979166666666669	0.14583333333333334	0.14583333333333334	0.09895833333333336	0.052083333333333356	0.052083333333333356	0.036458333333333356	0.14062500000000003	0.11458333333333336	0.11979166666666669	0.09375000000000003
A[T>C]G	0.16145833333333331	0.17708333333333331	0.22395833333333331	0.2604166666666667	0.23958333333333334	0.1875	0.2708333333333333	0.24479166666666669	0.109375	0.041666666666666685	0.46354166666666663	0.15104166666666666	0.2760416666666667	0.15625	0.203125	0.2760416666666667	0.057291666666666685	0.14583333333333331	0.0	0.041666666666666685	0.28125	0.28125	0.2708333333333333	0.2604166666666667	0.15625	0.15625	0.24479166666666669	0.234375	0.19791666666666669	0.21875	0.2760416666666667	0.14583333333333331	0.015625	0.00520833333333337	0.28645833333333337	0.02083333333333337	0.265625	0.24479166666666669	0.22916666666666669	0.2604166666666667	0.21354166666666669	0.1875	0.02083333333333337	0.15625	0.2916666666666667	0.25	0.23958333333333334	0.21875	0.171875	0.1875	0.2552083333333333	0.21354166666666669	0.234375	0.1875	0.2760416666666667	0.25	0.07291666666666666	0.17187499999999994	0.703125	0.057291666666666685	0.2708333333333333	0.2552083333333333	0.25	0.2552083333333333	0.20833333333333331	0.17708333333333331	0.16145833333333331	0.109375	0.296875	0.2604166666666667	0.2604166666666667	0.2864583333333333	0.18229166666666669	0.14062499999999997	0.234375	0.203125	0.19270833333333334	0.14062499999999997	0.265625	0.14062499999999997	0.078125	0.09374999999999994	0.15624999999999994	0.08333333333333334	0.28125	0.265625	0.2916666666666667	0.2916666666666667	0.24479166666666669	0.19791666666666669	0.19791666666666669	0.18229166666666669	0.2864583333333333	0.2604166666666667	0.265625	0.23958333333333334
A[T>C]T	0.11979166666666663	0.13541666666666663	0.18229166666666663	0.21875	0.19791666666666666	0.14583333333333331	0.22916666666666666	0.203125	0.06770833333333331	0.0	0.5052083333333333	0.10937499999999997	0.23437499999999997	0.11458333333333331	0.16145833333333331	0.23437499999999997	0.015625	0.10416666666666663	0.041666666666666685	0.0	0.23958333333333331	0.23958333333333331	0.22916666666666666	0.21875	0.11458333333333331	0.11458333333333331	0.203125	0.19270833333333331	0.15625	0.17708333333333331	0.23437499999999997	0.10416666666666663	0.026041666666666685	0.036458333333333315	0.32812500000000006	0.020833333333333315	0.22395833333333331	0.203125	0.1875	0.21875	0.171875	0.14583333333333331	0.020833333333333315	0.11458333333333331	0.24999999999999997	0.20833333333333331	0.19791666666666666	0.17708333333333331	0.13020833333333331	0.14583333333333331	0.21354166666666666	0.171875	0.19270833333333331	0.14583333333333331	0.23437499999999997	0.20833333333333331	0.031249999999999972	0.21354166666666663	0.7447916666666667	0.015625	0.22916666666666666	0.21354166666666666	0.20833333333333331	0.21354166666666666	0.16666666666666663	0.13541666666666663	0.11979166666666663	0.06770833333333331	0.2552083333333333	0.21875	0.21875	0.24479166666666666	0.140625	0.09895833333333329	0.19270833333333331	0.16145833333333331	0.15104166666666666	0.09895833333333329	0.22395833333333331	0.09895833333333329	0.036458333333333315	0.13541666666666663	0.19791666666666663	0.04166666666666666	0.23958333333333331	0.22395833333333331	0.24999999999999997	0.24999999999999997	0.203125	0.15625	0.15625	0.140625	0.24479166666666666	0.21875	0.22395833333333331	0.19791666666666666
A[T>G]A	0.11979166666666669	0.10416666666666669	0.05729166666666667	0.020833333333333332	0.04166666666666666	0.09374999999999999	0.010416666666666668	0.03645833333333333	0.171875	0.23958333333333331	0.7447916666666666	0.13020833333333334	0.005208333333333336	0.125	0.078125	0.005208333333333336	0.22395833333333331	0.13541666666666669	0.28125	0.23958333333333331	0.0	0.0	0.010416666666666668	0.020833333333333332	0.125	0.125	0.03645833333333333	0.046875	0.08333333333333333	0.0625	0.005208333333333336	0.13541666666666669	0.265625	0.27604166666666663	0.5677083333333334	0.26041666666666663	0.015625000000000003	0.03645833333333333	0.05208333333333333	0.020833333333333332	0.06770833333333333	0.09374999999999999	0.26041666666666663	0.125	0.010416666666666664	0.03125	0.04166666666666666	0.0625	0.109375	0.09374999999999999	0.026041666666666668	0.06770833333333333	0.046875	0.09374999999999999	0.005208333333333336	0.03125	0.20833333333333334	0.45312499999999994	0.984375	0.22395833333333331	0.010416666666666668	0.026041666666666668	0.03125	0.026041666666666668	0.07291666666666667	0.10416666666666669	0.11979166666666669	0.171875	0.015624999999999997	0.020833333333333332	0.020833333333333332	0.005208333333333329	0.09895833333333333	0.14062500000000003	0.046875	0.078125	0.08854166666666666	0.14062500000000003	0.015625000000000003	0.14062500000000003	0.203125	0.37499999999999994	0.43749999999999994	0.19791666666666666	0.0	0.015625000000000003	0.010416666666666664	0.010416666666666664	0.03645833333333333	0.08333333333333333	0.08333333333333333	0.09895833333333333	0.005208333333333329	0.020833333333333332	0.015625000000000003	0.04166666666666666
A[T>G]C	0.11979166666666669	0.10416666666666669	0.05729166666666667	0.020833333333333332	0.04166666666666666	0.09374999999999999	0.010416666666666668	0.03645833333333333	0.171875	0.23958333333333331	0.7447916666666666	0.13020833333333334	0.005208333333333336	0.125	0.078125	0.005208333333333336	0.22395833333333331	0.13541666666666669	0.28125	0.23958333333333331	0.0	0.0	0.010416666666666668	0.020833333333333332	0.125	0.125	0.03645833333333333	0.046875	0.08333333333333333	0.0625	0.005208333333333336	0.13541666666666669	0.265625	0.27604166666666663	0.5677083333333334	0.26041666666666663	0.015625000000000003	0.03645833333333333	0.05208333333333333	0.020833333333333332	0.06770833333333333	0.09374999999999999	0.26041666666666663	0.125	0.010416666666666664	0.03125	0.04166666666666666	0.0625	0.109375	0.09374999999999999	0.026041666666666668	0.06770833333333333	0.046875	0.09374999999999999	0.005208333333333336	0.03125	0.20833333333333334	0.45312499999999994	0.984375	0.22395833333333331	0.010416666666666668	0.026041666666666668	0.03125	0.026041666666666668	0.07291666666666667	0.10416666666666669	0.11979166666666669	0.171875	0.015624999999999997	0.020833333333333332	0.020833333333333332	0.005208333333333329	0.09895833333333333	0.14062500000000003	0.046875	0.078125	0.08854166666666666	0.14062500000000003	0.015625000000000003	0.14062500000000003	0.203125	0.37499999999999994	0.43749999999999994	0.19791666666666666	0.0	0.015625000000000003	0.010416666666666664	0.010416666666666664	0.03645833333333333	0.08333333333333333	0.08333333333333333	0.09895833333333333	0.005208333333333329	0.020833333333333332	0.015625000000000003	0.04166666666666666
