	A[C>A]A	A[C>A]C	A[C>A]G	A[C>A]T	A[C>G]A	A[C>G]C	A[C>G]G	A[C>G]T	A[C>T]A	A[C>T]C	A[C>T]G	A[C>T]T	A[T>A]A	A[T>A]C	A[T>A]G	A[T>A]T	A[T>C]A	A[T>C]C	A[T>C]G	A[T>C]T	A[T>G]A	A[T>G]C	A[T>G]G	A[T>G]T	C[C>A]A	C[C>A]C	C[C>A]G	C[C>A]T	C[C>G]A	C[C>G]C	C[C>G]G	C[C>G]T	C[C>T]A	C[C>T]C	C[C>T]G	C[C>T]T	C[T>A]A	C[T>A]C	C[T>A]G	C[T>A]T	C[T>C]A	C[T>C]C	C[T>C]G	C[T>C]T	C[T>G]A	C[T>G]C	C[T>G]G	C[T>G]T	G[C>A]A	G[C>A]C	G[C>A]G	G[C>A]T	G[C>G]A	G[C>G]C	G[C>G]G	G[C>G]T	G[C>T]A	G[C>T]C	G[C>T]G	G[C>T]T	G[T>A]A	G[T>A]C	G[T>A]G	G[T>A]T	G[T>C]A	G[T>C]C	G[T>C]G	G[T>C]T	G[T>G]A	G[T>G]C	G[T>G]G	G[T>G]T	T[C>A]A	T[C>A]C	T[C>A]G	T[C>A]T	T[C>G]A	T[C>G]C	T[C>G]G	T[C>G]T	T[C>T]A	T[C>T]C	T[C>T]G	T[C>T]T	T[T>A]A	T[T>A]C	T[T>A]G	T[T>A]T	T[T>C]A	T[T>C]C	T[T>C]G	T[T>C]T	T[T>G]A	T[T>G]C	T[T>G]G	T[T>G]T
A[C>A]A	0.0	0.004784688995215308	0.08373205741626798	0.055023923444976086	0.12440191387559811	0.13636363636363638	0.13875598086124405	0.1291866028708134	0.002392344497607668	0.07416267942583733	0.6650717703349283	0.06937799043062202	0.13875598086124405	0.12679425837320576	0.13157894736842107	0.10765550239234452	0.002392344497607668	0.07416267942583733	0.033492822966507185	0.03588516746411485	0.1507177033492823	0.13397129186602874	0.14354066985645936	0.145933014354067	0.07416267942583729	0.07177033492822965	0.01913875598086126	0.11004784688995212	0.13636363636363638	0.12679425837320576	0.11244019138755984	0.0980861244019139	0.043062200956937816	0.0	0.43779904306220097	0.011961722488038257	0.145933014354067	0.11961722488038279	0.09569377990430625	0.004784688995215308	0.11961722488038279	0.03827751196172251	0.007177033492822976	0.038277511961722466	0.1507177033492823	0.13397129186602874	0.12440191387559811	0.11483253588516748	0.019138755980861233	0.04066985645933016	0.05023923444976078	0.033492822966507185	0.12440191387559811	0.11483253588516748	0.13636363636363638	0.11961722488038279	0.09569377990430622	0.1985645933014354	0.84688995215311	0.09569377990430622	0.14832535885167467	0.12440191387559811	0.13636363636363638	0.15311004784688997	0.08373205741626798	0.09330143540669858	0.09330143540669858	0.07416267942583733	0.14832535885167467	0.1411483253588517	0.14354066985645936	0.12679425837320576	0.02392344497607654	0.026315789473684237	0.04545454545454547	0.014354066985645952	0.09569377990430625	0.11961722488038279	0.12679425837320576	0.0980861244019139	0.016746411483253565	0.05023923444976072	0.17464114832535882	0.009569377990430644	0.09090909090909094	0.14354066985645936	0.14354066985645936	0.12440191387559811	0.11483253588516748	0.07416267942583733	0.07894736842105264	0.08373205741626798	0.14832535885167467	0.11244019138755984	0.14832535885167467	0.11244019138755984
A[C>A]C	0.004784688995215308	0.0	0.07894736842105267	0.05023923444976078	0.1196172248803828	0.13157894736842107	0.13397129186602874	0.12440191387559811	0.0023923444976076402	0.06937799043062202	0.6698564593301436	0.06459330143540672	0.13397129186602874	0.12200956937799046	0.12679425837320576	0.10287081339712921	0.0023923444976076402	0.06937799043062202	0.028708133971291877	0.031100478468899545	0.145933014354067	0.12918660287081343	0.13875598086124405	0.1411483253588517	0.0789473684210526	0.07655502392344496	0.014354066985645952	0.11483253588516742	0.13157894736842107	0.12200956937799046	0.10765550239234453	0.0933014354066986	0.03827751196172251	0.004784688995215308	0.4425837320574163	0.016746411483253565	0.1411483253588517	0.11483253588516748	0.09090909090909094	0.009569377990430616	0.11483253588516748	0.0334928229665072	0.002392344497607668	0.043062200956937774	0.145933014354067	0.12918660287081343	0.1196172248803828	0.11004784688995217	0.02392344497607654	0.03588516746411485	0.04545454545454547	0.028708133971291877	0.1196172248803828	0.11004784688995217	0.13157894736842107	0.11483253588516748	0.10047846889952153	0.2033492822966507	0.8516746411483254	0.10047846889952153	0.14354066985645936	0.1196172248803828	0.13157894736842107	0.14832535885167467	0.07894736842105267	0.08851674641148327	0.08851674641148327	0.06937799043062202	0.14354066985645936	0.13636363636363638	0.13875598086124405	0.12200956937799046	0.02870813397129185	0.02153110047846893	0.04066985645933016	0.009569377990430644	0.09090909090909094	0.11483253588516748	0.12200956937799046	0.0933014354066986	0.021531100478468873	0.05502392344497603	0.17942583732057413	0.004784688995215336	0.08612440191387563	0.13875598086124405	0.13875598086124405	0.1196172248803828	0.11004784688995217	0.06937799043062202	0.07416267942583733	0.07894736842105267	0.14354066985645936	0.10765550239234453	0.14354066985645936	0.10765550239234453
A[C>A]G	0.08373205741626798	0.07894736842105267	0.0	0.02870813397129189	0.040669856459330134	0.05263157894736841	0.055023923444976065	0.04545454545454544	0.08133971291866031	0.009569377990430644	0.7488038277511962	0.014354066985645952	0.055023923444976065	0.04306220095693779	0.047846889952153096	0.02392344497607654	0.08133971291866031	0.009569377990430644	0.05023923444976079	0.047846889952153124	0.06698564593301434	0.05023923444976075	0.059808612440191374	0.062200956937799035	0.15789473684210525	0.15550239234449764	0.06459330143540672	0.1937799043062201	0.05263157894736841	0.04306220095693779	0.028708133971291856	0.014354066985645925	0.04066985645933016	0.08373205741626798	0.521531100478469	0.09569377990430623	0.062200956937799035	0.03588516746411482	0.011961722488038264	0.08851674641148329	0.03588516746411482	0.04545454545454547	0.076555023923445	0.12200956937799044	0.06698564593301434	0.05023923444976075	0.040669856459330134	0.03110047846889951	0.10287081339712921	0.043062200956937816	0.0334928229665072	0.05023923444976079	0.040669856459330134	0.03110047846889951	0.05263157894736841	0.03588516746411482	0.1794258373205742	0.2822966507177034	0.930622009569378	0.1794258373205742	0.06459330143540669	0.040669856459330134	0.05263157894736841	0.069377990430622	0.0	0.00956937799043061	0.00956937799043061	0.009569377990430644	0.06459330143540669	0.05741626794258372	0.059808612440191374	0.04306220095693779	0.10765550239234452	0.05741626794258374	0.03827751196172251	0.06937799043062202	0.011961722488038264	0.03588516746411482	0.04306220095693779	0.014354066985645925	0.10047846889952154	0.13397129186602869	0.2583732057416268	0.07416267942583733	0.007177033492822962	0.059808612440191374	0.059808612440191374	0.040669856459330134	0.03110047846889951	0.009569377990430644	0.004784688995215336	0.0	0.06459330143540669	0.028708133971291856	0.06459330143540669	0.028708133971291856
A[C>A]T	0.055023923444976086	0.05023923444976078	0.02870813397129189	0.0	0.06937799043062202	0.0813397129186603	0.08373205741626795	0.07416267942583733	0.05263157894736842	0.019138755980861247	0.7200956937799043	0.014354066985645939	0.08373205741626795	0.07177033492822968	0.07655502392344499	0.05263157894736843	0.05263157894736842	0.019138755980861247	0.0215311004784689	0.019138755980861233	0.09569377990430623	0.07894736842105264	0.08851674641148327	0.09090909090909093	0.12918660287081338	0.12679425837320574	0.035885167464114825	0.1650717703349282	0.0813397129186603	0.07177033492822968	0.05741626794258375	0.043062200956937816	0.01196172248803827	0.055023923444976086	0.49282296650717705	0.06698564593301434	0.09090909090909093	0.0645933014354067	0.040669856459330155	0.059808612440191394	0.0645933014354067	0.01674641148325358	0.04784688995215311	0.09330143540669855	0.09569377990430623	0.07894736842105264	0.06937799043062202	0.0598086124401914	0.07416267942583732	0.014354066985645925	0.004784688995215308	0.0215311004784689	0.06937799043062202	0.0598086124401914	0.0813397129186603	0.0645933014354067	0.1507177033492823	0.2535885167464115	0.9019138755980861	0.1507177033492823	0.09330143540669858	0.06937799043062202	0.0813397129186603	0.09808612440191389	0.02870813397129189	0.0382775119617225	0.0382775119617225	0.019138755980861247	0.09330143540669858	0.0861244019138756	0.08851674641148327	0.07177033492822968	0.07894736842105263	0.02870813397129185	0.009569377990430616	0.040669856459330134	0.040669856459330155	0.0645933014354067	0.07177033492822968	0.043062200956937816	0.07177033492822965	0.10526315789473681	0.2296650717703349	0.04545454545454544	0.03588516746411485	0.08851674641148327	0.08851674641148327	0.06937799043062202	0.0598086124401914	0.019138755980861247	0.023923444976076555	0.02870813397129189	0.09330143540669858	0.05741626794258375	0.09330143540669858	0.05741626794258375
A[C>G]A	0.12440191387559811	0.1196172248803828	0.040669856459330134	0.06937799043062202	0.0	0.011961722488038277	0.01435406698564593	0.004784688995215308	0.12200956937799044	0.05023923444976078	0.7894736842105263	0.055023923444976086	0.01435406698564593	0.002392344497607654	0.007177033492822966	0.016746411483253593	0.12200956937799044	0.05023923444976078	0.09090909090909093	0.08851674641148326	0.02631578947368421	0.00956937799043062	0.01913875598086124	0.021531100478468897	0.1985645933014354	0.19617224880382778	0.10526315789473685	0.23444976076555024	0.011961722488038277	0.002392344497607654	0.011961722488038277	0.02631578947368421	0.0813397129186603	0.12440191387559811	0.562200956937799	0.13636363636363635	0.021531100478468897	0.004784688995215315	0.02870813397129187	0.1291866028708134	0.004784688995215315	0.0861244019138756	0.11722488038277513	0.1626794258373206	0.02631578947368421	0.00956937799043062	0.0	0.009569377990430623	0.14354066985645936	0.08373205741626795	0.07416267942583733	0.09090909090909093	0.0	0.009569377990430623	0.011961722488038277	0.004784688995215315	0.22009569377990434	0.3229665071770335	0.9712918660287081	0.22009569377990434	0.02392344497607655	0.0	0.011961722488038277	0.028708133971291863	0.040669856459330134	0.031100478468899524	0.031100478468899524	0.05023923444976078	0.02392344497607655	0.016746411483253586	0.01913875598086124	0.002392344497607654	0.14832535885167464	0.09808612440191387	0.07894736842105264	0.11004784688995216	0.02870813397129187	0.004784688995215315	0.002392344497607654	0.02631578947368421	0.1411483253588517	0.17464114832535882	0.29904306220095694	0.11483253588516747	0.03349282296650717	0.01913875598086124	0.01913875598086124	0.0	0.009569377990430623	0.05023923444976078	0.04545454545454547	0.040669856459330134	0.02392344497607655	0.011961722488038277	0.02392344497607655	0.011961722488038277
A[C>G]C	0.13636363636363638	0.13157894736842107	0.05263157894736841	0.0813397129186603	0.011961722488038277	0.0	0.0023923444976076524	0.007177033492822969	0.1339712918660287	0.062200956937799055	0.8014354066985646	0.06698564593301437	0.0023923444976076524	0.009569377990430623	0.004784688995215312	0.02870813397129187	0.1339712918660287	0.062200956937799055	0.1028708133971292	0.10047846889952153	0.01435406698564593	0.0023923444976076576	0.007177033492822964	0.00956937799043062	0.21052631578947367	0.20813397129186603	0.11722488038277512	0.2464114832535885	0.0	0.009569377990430623	0.023923444976076555	0.03827751196172249	0.09330143540669858	0.13636363636363638	0.5741626794258373	0.14832535885167464	0.00956937799043062	0.016746411483253593	0.04066985645933015	0.1411483253588517	0.016746411483253593	0.09808612440191389	0.1291866028708134	0.17464114832535885	0.01435406698564593	0.0023923444976076576	0.011961722488038277	0.0215311004784689	0.15550239234449761	0.09569377990430622	0.0861244019138756	0.1028708133971292	0.011961722488038277	0.0215311004784689	0.0	0.016746411483253593	0.2320574162679426	0.3349282296650718	0.9832535885167464	0.2320574162679426	0.011961722488038274	0.011961722488038277	0.0	0.016746411483253586	0.05263157894736841	0.0430622009569378	0.0430622009569378	0.062200956937799055	0.011961722488038274	0.004784688995215308	0.007177033492822964	0.009569377990430623	0.16028708133971292	0.11004784688995214	0.09090909090909091	0.12200956937799043	0.04066985645933015	0.016746411483253593	0.009569377990430623	0.03827751196172249	0.15311004784688995	0.1866028708133971	0.31100478468899523	0.12679425837320574	0.04545454545454545	0.007177033492822964	0.007177033492822964	0.011961722488038277	0.0215311004784689	0.062200956937799055	0.05741626794258375	0.05263157894736841	0.011961722488038274	0.023923444976076555	0.011961722488038274	0.023923444976076555
A[C>G]G	0.13875598086124405	0.13397129186602874	0.055023923444976065	0.08373205741626795	0.01435406698564593	0.0023923444976076524	0.0	0.009569377990430622	0.13636363636363638	0.0645933014354067	0.8038277511961723	0.06937799043062201	0.0	0.011961722488038276	0.007177033492822964	0.031100478468899524	0.13636363636363638	0.0645933014354067	0.10526315789473685	0.10287081339712918	0.011961722488038277	0.00478468899521531	0.004784688995215312	0.0071770334928229675	0.21291866028708134	0.2105263157894737	0.11961722488038277	0.24880382775119617	0.0023923444976076524	0.011961722488038276	0.02631578947368421	0.04066985645933014	0.09569377990430622	0.13875598086124405	0.576555023923445	0.1507177033492823	0.0071770334928229675	0.019138755980861247	0.0430622009569378	0.14354066985645936	0.019138755980861247	0.10047846889952153	0.13157894736842107	0.17703349282296652	0.011961722488038277	0.00478468899521531	0.01435406698564593	0.023923444976076555	0.15789473684210528	0.09808612440191387	0.08851674641148326	0.10526315789473685	0.01435406698564593	0.023923444976076555	0.0023923444976076524	0.019138755980861247	0.23444976076555027	0.3373205741626794	0.9856459330143541	0.23444976076555027	0.009569377990430622	0.01435406698564593	0.0023923444976076524	0.014354066985645933	0.055023923444976065	0.045454545454545456	0.045454545454545456	0.0645933014354067	0.009569377990430622	0.002392344497607656	0.004784688995215312	0.011961722488038276	0.1626794258373206	0.1124401913875598	0.09330143540669857	0.12440191387559808	0.0430622009569378	0.019138755980861247	0.011961722488038276	0.04066985645933014	0.15550239234449761	0.18899521531100477	0.31339712918660284	0.1291866028708134	0.0478468899521531	0.004784688995215312	0.004784688995215312	0.01435406698564593	0.023923444976076555	0.0645933014354067	0.0598086124401914	0.055023923444976065	0.009569377990430622	0.02631578947368421	0.009569377990430622	0.02631578947368421
A[C>G]T	0.1291866028708134	0.12440191387559811	0.04545454545454544	0.07416267942583733	0.004784688995215308	0.007177033492822969	0.009569377990430622	0.0	0.12679425837320574	0.055023923444976086	0.7942583732057417	0.059808612440191394	0.009569377990430622	0.002392344497607654	0.0023923444976076576	0.0215311004784689	0.12679425837320574	0.055023923444976086	0.09569377990430623	0.09330143540669857	0.0215311004784689	0.004784688995215312	0.014354066985645933	0.01674641148325359	0.20334928229665072	0.20095693779904306	0.11004784688995216	0.23923444976076552	0.007177033492822969	0.002392344497607654	0.016746411483253586	0.031100478468899517	0.0861244019138756	0.1291866028708134	0.5669856459330144	0.1411483253588517	0.01674641148325359	0.009569377990430623	0.03349282296650718	0.13397129186602874	0.009569377990430623	0.09090909090909091	0.12200956937799044	0.16746411483253587	0.0215311004784689	0.004784688995215312	0.004784688995215308	0.014354066985645932	0.14832535885167464	0.08851674641148326	0.07894736842105264	0.09569377990430623	0.004784688995215308	0.014354066985645932	0.007177033492822969	0.009569377990430623	0.22488038277511962	0.3277511961722488	0.9760765550239234	0.22488038277511962	0.019138755980861243	0.004784688995215308	0.007177033492822969	0.023923444976076555	0.04545454545454544	0.03588516746411483	0.03588516746411483	0.055023923444976086	0.019138755980861243	0.011961722488038277	0.014354066985645933	0.002392344497607654	0.15311004784688997	0.10287081339712918	0.08373205741626795	0.11483253588516747	0.03349282296650718	0.009569377990430623	0.002392344497607654	0.031100478468899517	0.14593301435406697	0.17942583732057416	0.3038277511961722	0.11961722488038277	0.03827751196172248	0.014354066985645933	0.014354066985645933	0.004784688995215308	0.014354066985645932	0.055023923444976086	0.05023923444976078	0.04545454545454544	0.019138755980861243	0.016746411483253586	0.019138755980861243	0.016746411483253586
A[C>T]A	0.002392344497607668	0.0023923444976076402	0.08133971291866031	0.05263157894736842	0.12200956937799044	0.1339712918660287	0.13636363636363638	0.12679425837320574	0.0	0.07177033492822966	0.667464114832536	0.06698564593301436	0.13636363636363638	0.1244019138755981	0.1291866028708134	0.10526315789473685	0.0	0.07177033492822966	0.031100478468899517	0.033492822966507185	0.14832535885167464	0.13157894736842107	0.1411483253588517	0.14354066985645933	0.07655502392344496	0.07416267942583732	0.016746411483253593	0.11244019138755978	0.1339712918660287	0.1244019138755981	0.11004784688995217	0.09569377990430623	0.04066985645933015	0.002392344497607668	0.44019138755980863	0.014354066985645925	0.14354066985645933	0.11722488038277512	0.09330143540669858	0.007177033492822976	0.11722488038277512	0.03588516746411484	0.004784688995215308	0.040669856459330134	0.14832535885167464	0.13157894736842107	0.12200956937799044	0.11244019138755981	0.0215311004784689	0.038277511961722493	0.04784688995215311	0.031100478468899517	0.12200956937799044	0.11244019138755981	0.1339712918660287	0.11722488038277512	0.09808612440191389	0.20095693779904306	0.8492822966507176	0.09808612440191389	0.145933014354067	0.12200956937799044	0.1339712918660287	0.1507177033492823	0.08133971291866031	0.09090909090909091	0.09090909090909091	0.07177033492822966	0.145933014354067	0.13875598086124402	0.1411483253588517	0.1244019138755981	0.02631578947368421	0.02392344497607657	0.0430622009569378	0.011961722488038284	0.09330143540669858	0.11722488038277512	0.1244019138755981	0.09569377990430623	0.019138755980861233	0.05263157894736839	0.1770334928229665	0.007177033492822976	0.08851674641148327	0.1411483253588517	0.1411483253588517	0.12200956937799044	0.11244019138755981	0.07177033492822966	0.07655502392344497	0.08133971291866031	0.145933014354067	0.11004784688995217	0.145933014354067	0.11004784688995217
A[C>T]C	0.07416267942583733	0.06937799043062202	0.009569377990430644	0.019138755980861247	0.05023923444976078	0.062200956937799055	0.0645933014354067	0.055023923444976086	0.07177033492822966	0.0	0.7392344497607656	0.004784688995215308	0.0645933014354067	0.05263157894736843	0.05741626794258374	0.033492822966507185	0.07177033492822966	0.0	0.04066985645933015	0.03827751196172248	0.07655502392344499	0.059808612440191394	0.06937799043062202	0.07177033492822968	0.14832535885167464	0.14593301435406697	0.05502392344497607	0.18421052631578944	0.062200956937799055	0.05263157894736843	0.0382775119617225	0.02392344497607657	0.031100478468899517	0.07416267942583733	0.5119617224880383	0.08612440191387559	0.07177033492822968	0.04545454545454546	0.021531100478468908	0.07894736842105264	0.04545454545454546	0.035885167464114825	0.06698564593301436	0.1124401913875598	0.07655502392344499	0.059808612440191394	0.05023923444976078	0.040669856459330155	0.09330143540669857	0.03349282296650717	0.023923444976076555	0.04066985645933015	0.05023923444976078	0.040669856459330155	0.062200956937799055	0.04545454545454546	0.16985645933014354	0.2727272727272727	0.9210526315789473	0.16985645933014354	0.07416267942583733	0.05023923444976078	0.062200956937799055	0.07894736842105264	0.009569377990430644	0.019138755980861254	0.019138755980861254	0.0	0.07416267942583733	0.06698564593301437	0.06937799043062202	0.05263157894736843	0.09808612440191387	0.047846889952153096	0.028708133971291863	0.05980861244019138	0.021531100478468908	0.04545454545454546	0.05263157894736843	0.02392344497607657	0.0909090909090909	0.12440191387559806	0.24880382775119614	0.06459330143540669	0.016746411483253607	0.06937799043062202	0.06937799043062202	0.05023923444976078	0.040669856459330155	0.0	0.004784688995215308	0.009569377990430644	0.07416267942583733	0.0382775119617225	0.07416267942583733	0.0382775119617225
A[C>T]G	0.6650717703349283	0.6698564593301436	0.7488038277511962	0.7200956937799043	0.7894736842105263	0.8014354066985646	0.8038277511961723	0.7942583732057417	0.667464114832536	0.7392344497607656	0.0	0.7344497607655502	0.8038277511961723	0.791866028708134	0.7966507177033494	0.7727272727272728	0.667464114832536	0.7392344497607656	0.6985645933014355	0.7009569377990431	0.8157894736842106	0.799043062200957	0.8086124401913876	0.8110047846889953	0.5909090909090909	0.5933014354066986	0.6842105263157895	0.5550239234449761	0.8014354066985646	0.791866028708134	0.777511961722488	0.7631578947368421	0.7081339712918661	0.6650717703349283	0.2272727272727273	0.65311004784689	0.8110047846889953	0.7846889952153111	0.7607655502392345	0.6602870813397129	0.7846889952153111	0.7033492822966507	0.6722488038277512	0.6267942583732058	0.8157894736842106	0.799043062200957	0.7894736842105263	0.7799043062200958	0.645933014354067	0.7057416267942584	0.715311004784689	0.6985645933014355	0.7894736842105263	0.7799043062200958	0.8014354066985646	0.7846889952153111	0.569377990430622	0.46650717703349287	0.18181818181818177	0.569377990430622	0.8133971291866029	0.7894736842105263	0.8014354066985646	0.8181818181818182	0.7488038277511962	0.7583732057416268	0.7583732057416268	0.7392344497607656	0.8133971291866029	0.80622009569378	0.8086124401913876	0.791866028708134	0.6411483253588517	0.6913875598086126	0.7105263157894737	0.6794258373205742	0.7607655502392345	0.7846889952153111	0.791866028708134	0.7631578947368421	0.6483253588516746	0.6148325358851675	0.49043062200956944	0.6746411483253589	0.7559808612440192	0.8086124401913876	0.8086124401913876	0.7894736842105263	0.7799043062200958	0.7392344497607656	0.7440191387559809	0.7488038277511962	0.8133971291866029	0.777511961722488	0.8133971291866029	0.777511961722488
A[C>T]T	0.06937799043062202	0.06459330143540672	0.014354066985645952	0.014354066985645939	0.055023923444976086	0.06698564593301437	0.06937799043062201	0.059808612440191394	0.06698564593301436	0.004784688995215308	0.7344497607655502	0.0	0.06937799043062201	0.05741626794258374	0.06220095693779905	0.038277511961722493	0.06698564593301436	0.004784688995215308	0.03588516746411484	0.03349282296650717	0.0813397129186603	0.0645933014354067	0.07416267942583733	0.07655502392344499	0.1435406698564593	0.1411483253588517	0.050239234449760764	0.17942583732057416	0.06698564593301437	0.05741626794258374	0.04306220095693781	0.028708133971291877	0.02631578947368421	0.06937799043062202	0.507177033492823	0.08133971291866028	0.07655502392344499	0.05023923444976077	0.026315789473684216	0.07416267942583733	0.05023923444976077	0.031100478468899517	0.06220095693779905	0.10765550239234449	0.0813397129186603	0.0645933014354067	0.055023923444976086	0.04545454545454546	0.08851674641148326	0.028708133971291863	0.019138755980861247	0.03588516746411484	0.055023923444976086	0.04545454545454546	0.06698564593301437	0.05023923444976077	0.16507177033492826	0.2679425837320574	0.916267942583732	0.16507177033492826	0.07894736842105264	0.055023923444976086	0.06698564593301437	0.08373205741626795	0.014354066985645952	0.023923444976076562	0.023923444976076562	0.004784688995215308	0.07894736842105264	0.07177033492822968	0.07416267942583733	0.05741626794258374	0.09330143540669857	0.04306220095693779	0.023923444976076555	0.05502392344497607	0.026315789473684216	0.05023923444976077	0.05741626794258374	0.028708133971291877	0.08612440191387559	0.11961722488038275	0.24401913875598086	0.05980861244019138	0.021531100478468915	0.07416267942583733	0.07416267942583733	0.055023923444976086	0.04545454545454546	0.004784688995215308	0.009569377990430616	0.014354066985645952	0.07894736842105264	0.04306220095693781	0.07894736842105264	0.04306220095693781
A[T>A]A	0.13875598086124405	0.13397129186602874	0.055023923444976065	0.08373205741626795	0.01435406698564593	0.0023923444976076524	0.0	0.009569377990430622	0.13636363636363638	0.0645933014354067	0.8038277511961723	0.06937799043062201	0.0	0.011961722488038276	0.007177033492822964	0.031100478468899524	0.13636363636363638	0.0645933014354067	0.10526315789473685	0.10287081339712918	0.011961722488038277	0.00478468899521531	0.004784688995215312	0.0071770334928229675	0.21291866028708134	0.2105263157894737	0.11961722488038277	0.24880382775119617	0.0023923444976076524	0.011961722488038276	0.02631578947368421	0.04066985645933014	0.09569377990430622	0.13875598086124405	0.576555023923445	0.1507177033492823	0.0071770334928229675	0.019138755980861247	0.0430622009569378	0.14354066985645936	0.019138755980861247	0.10047846889952153	0.13157894736842107	0.17703349282296652	0.011961722488038277	0.00478468899521531	0.01435406698564593	0.023923444976076555	0.15789473684210528	0.09808612440191387	0.08851674641148326	0.10526315789473685	0.01435406698564593	0.023923444976076555	0.0023923444976076524	0.019138755980861247	0.23444976076555027	0.3373205741626794	0.9856459330143541	0.23444976076555027	0.009569377990430622	0.01435406698564593	0.0023923444976076524	0.014354066985645933	0.055023923444976065	0.045454545454545456	0.045454545454545456	0.0645933014354067	0.009569377990430622	0.002392344497607656	0.004784688995215312	0.011961722488038276	0.1626794258373206	0.1124401913875598	0.09330143540669857	0.12440191387559808	0.0430622009569378	0.019138755980861247	0.011961722488038276	0.04066985645933014	0.15550239234449761	0.18899521531100477	0.31339712918660284	0.1291866028708134	0.0478468899521531	0.004784688995215312	0.004784688995215312	0.01435406698564593	0.023923444976076555	0.0645933014354067	0.0598086124401914	0.055023923444976065	0.009569377990430622	0.02631578947368421	0.009569377990430622	0.02631578947368421
A[T>A]C	0.12679425837320576	0.12200956937799046	0.04306220095693779	0.07177033492822968	0.002392344497607654	0.009569377990430623	0.011961722488038276	0.002392344497607654	0.1244019138755981	0.05263157894736843	0.791866028708134	0.05741626794258374	0.011961722488038276	0.0	0.004784688995215312	0.019138755980861247	0.1244019138755981	0.05263157894736843	0.09330143540669858	0.09090909090909091	0.023923444976076555	0.007177033492822966	0.016746411483253586	0.019138755980861243	0.20095693779904306	0.19856459330143542	0.1076555023923445	0.23684210526315788	0.009569377990430623	0.0	0.014354066985645932	0.028708133971291863	0.08373205741626795	0.12679425837320576	0.5645933014354068	0.13875598086124402	0.019138755980861243	0.007177033492822969	0.031100478468899524	0.13157894736842107	0.007177033492822969	0.08851674641148326	0.11961722488038279	0.16507177033492823	0.023923444976076555	0.007177033492822966	0.002392344497607654	0.011961722488038277	0.145933014354067	0.0861244019138756	0.07655502392344499	0.09330143540669858	0.002392344497607654	0.011961722488038277	0.009569377990430623	0.007177033492822969	0.22248803827751198	0.3253588516746412	0.9736842105263158	0.22248803827751198	0.021531100478468897	0.002392344497607654	0.009569377990430623	0.02631578947368421	0.04306220095693779	0.03349282296650718	0.03349282296650718	0.05263157894736843	0.021531100478468897	0.014354066985645932	0.016746411483253586	0.0	0.1507177033492823	0.10047846889952153	0.0813397129186603	0.11244019138755981	0.031100478468899524	0.007177033492822969	0.0	0.028708133971291863	0.14354066985645933	0.1770334928229665	0.3014354066985646	0.11722488038277512	0.035885167464114825	0.016746411483253586	0.016746411483253586	0.002392344497607654	0.011961722488038277	0.05263157894736843	0.047846889952153124	0.04306220095693779	0.021531100478468897	0.014354066985645932	0.021531100478468897	0.014354066985645932
A[T>A]G	0.13157894736842107	0.12679425837320576	0.047846889952153096	0.07655502392344499	0.007177033492822966	0.004784688995215312	0.007177033492822964	0.0023923444976076576	0.1291866028708134	0.05741626794258374	0.7966507177033494	0.06220095693779905	0.007177033492822964	0.004784688995215312	0.0	0.02392344497607656	0.1291866028708134	0.05741626794258374	0.09808612440191389	0.09569377990430622	0.019138755980861243	0.002392344497607654	0.011961722488038276	0.014354066985645932	0.20574162679425836	0.20334928229665072	0.11244019138755981	0.2416267942583732	0.004784688995215312	0.004784688995215312	0.019138755980861243	0.03349282296650717	0.08851674641148326	0.13157894736842107	0.5693779904306221	0.14354066985645933	0.014354066985645932	0.011961722488038281	0.03588516746411484	0.13636363636363638	0.011961722488038281	0.09330143540669857	0.1244019138755981	0.16985645933014354	0.019138755980861243	0.002392344497607654	0.007177033492822966	0.01674641148325359	0.1507177033492823	0.09090909090909091	0.0813397129186603	0.09808612440191389	0.007177033492822966	0.01674641148325359	0.004784688995215312	0.011961722488038281	0.2272727272727273	0.33014354066985646	0.9784688995215312	0.2272727272727273	0.016746411483253586	0.007177033492822966	0.004784688995215312	0.021531100478468897	0.047846889952153096	0.038277511961722493	0.038277511961722493	0.05741626794258374	0.016746411483253586	0.00956937799043062	0.011961722488038276	0.004784688995215312	0.15550239234449761	0.10526315789473684	0.0861244019138756	0.11722488038277512	0.03588516746411484	0.011961722488038281	0.004784688995215312	0.03349282296650717	0.14832535885167464	0.1818181818181818	0.3062200956937799	0.12200956937799043	0.040669856459330134	0.011961722488038276	0.011961722488038276	0.007177033492822966	0.01674641148325359	0.05741626794258374	0.05263157894736843	0.047846889952153096	0.016746411483253586	0.019138755980861243	0.016746411483253586	0.019138755980861243
A[T>A]T	0.10765550239234452	0.10287081339712921	0.02392344497607654	0.05263157894736843	0.016746411483253593	0.02870813397129187	0.031100478468899524	0.0215311004784689	0.10526315789473685	0.033492822966507185	0.7727272727272728	0.038277511961722493	0.031100478468899524	0.019138755980861247	0.02392344497607656	0.0	0.10526315789473685	0.033492822966507185	0.07416267942583733	0.07177033492822966	0.0430622009569378	0.026315789473684213	0.03588516746411483	0.038277511961722493	0.18181818181818182	0.17942583732057416	0.08851674641148326	0.21770334928229662	0.02870813397129187	0.019138755980861247	0.004784688995215315	0.009569377990430616	0.0645933014354067	0.10765550239234452	0.5454545454545455	0.11961722488038277	0.038277511961722493	0.011961722488038277	0.011961722488038277	0.11244019138755983	0.011961722488038277	0.06937799043062201	0.10047846889952154	0.14593301435406697	0.0430622009569378	0.026315789473684213	0.016746411483253593	0.007177033492822969	0.12679425837320574	0.06698564593301436	0.05741626794258374	0.07416267942583733	0.016746411483253593	0.007177033492822969	0.02870813397129187	0.011961722488038277	0.20334928229665072	0.3062200956937799	0.9545454545454546	0.20334928229665072	0.04066985645933015	0.016746411483253593	0.02870813397129187	0.045454545454545456	0.02392344497607654	0.014354066985645932	0.014354066985645932	0.033492822966507185	0.04066985645933015	0.03349282296650718	0.03588516746411483	0.019138755980861247	0.13157894736842107	0.08133971291866028	0.06220095693779905	0.09330143540669857	0.011961722488038277	0.011961722488038277	0.019138755980861247	0.009569377990430616	0.12440191387559808	0.15789473684210525	0.2822966507177033	0.09808612440191387	0.01674641148325358	0.03588516746411483	0.03588516746411483	0.016746411483253593	0.007177033492822969	0.033492822966507185	0.028708133971291877	0.02392344497607654	0.04066985645933015	0.004784688995215315	0.04066985645933015	0.004784688995215315
A[T>C]A	0.002392344497607668	0.0023923444976076402	0.08133971291866031	0.05263157894736842	0.12200956937799044	0.1339712918660287	0.13636363636363638	0.12679425837320574	0.0	0.07177033492822966	0.667464114832536	0.06698564593301436	0.13636363636363638	0.1244019138755981	0.1291866028708134	0.10526315789473685	0.0	0.07177033492822966	0.031100478468899517	0.033492822966507185	0.14832535885167464	0.13157894736842107	0.1411483253588517	0.14354066985645933	0.07655502392344496	0.07416267942583732	0.016746411483253593	0.11244019138755978	0.1339712918660287	0.1244019138755981	0.11004784688995217	0.09569377990430623	0.04066985645933015	0.002392344497607668	0.44019138755980863	0.014354066985645925	0.14354066985645933	0.11722488038277512	0.09330143540669858	0.007177033492822976	0.11722488038277512	0.03588516746411484	0.004784688995215308	0.040669856459330134	0.14832535885167464	0.13157894736842107	0.12200956937799044	0.11244019138755981	0.0215311004784689	0.038277511961722493	0.04784688995215311	0.031100478468899517	0.12200956937799044	0.11244019138755981	0.1339712918660287	0.11722488038277512	0.09808612440191389	0.20095693779904306	0.8492822966507176	0.09808612440191389	0.145933014354067	0.12200956937799044	0.1339712918660287	0.1507177033492823	0.08133971291866031	0.09090909090909091	0.09090909090909091	0.07177033492822966	0.145933014354067	0.13875598086124402	0.1411483253588517	0.1244019138755981	0.02631578947368421	0.02392344497607657	0.0430622009569378	0.011961722488038284	0.09330143540669858	0.11722488038277512	0.1244019138755981	0.09569377990430623	0.019138755980861233	0.05263157894736839	0.1770334928229665	0.007177033492822976	0.08851674641148327	0.1411483253588517	0.1411483253588517	0.12200956937799044	0.11244019138755981	0.07177033492822966	0.07655502392344497	0.08133971291866031	0.145933014354067	0.11004784688995217	0.145933014354067	0.11004784688995217
A[T>C]C	0.07416267942583733	0.06937799043062202	0.009569377990430644	0.019138755980861247	0.05023923444976078	0.062200956937799055	0.0645933014354067	0.055023923444976086	0.07177033492822966	0.0	0.7392344497607656	0.004784688995215308	0.0645933014354067	0.05263157894736843	0.05741626794258374	0.033492822966507185	0.07177033492822966	0.0	0.04066985645933015	0.03827751196172248	0.07655502392344499	0.059808612440191394	0.06937799043062202	0.07177033492822968	0.14832535885167464	0.14593301435406697	0.05502392344497607	0.18421052631578944	0.062200956937799055	0.05263157894736843	0.0382775119617225	0.02392344497607657	0.031100478468899517	0.07416267942583733	0.5119617224880383	0.08612440191387559	0.07177033492822968	0.04545454545454546	0.021531100478468908	0.07894736842105264	0.04545454545454546	0.035885167464114825	0.06698564593301436	0.1124401913875598	0.07655502392344499	0.059808612440191394	0.05023923444976078	0.040669856459330155	0.09330143540669857	0.03349282296650717	0.023923444976076555	0.04066985645933015	0.05023923444976078	0.040669856459330155	0.062200956937799055	0.04545454545454546	0.16985645933014354	0.2727272727272727	0.9210526315789473	0.16985645933014354	0.07416267942583733	0.05023923444976078	0.062200956937799055	0.07894736842105264	0.009569377990430644	0.019138755980861254	0.019138755980861254	0.0	0.07416267942583733	0.06698564593301437	0.06937799043062202	0.05263157894736843	0.09808612440191387	0.047846889952153096	0.028708133971291863	0.05980861244019138	0.021531100478468908	0.04545454545454546	0.05263157894736843	0.02392344497607657	0.0909090909090909	0.12440191387559806	0.24880382775119614	0.06459330143540669	0.016746411483253607	0.06937799043062202	0.06937799043062202	0.05023923444976078	0.040669856459330155	0.0	0.004784688995215308	0.009569377990430644	0.07416267942583733	0.0382775119617225	0.07416267942583733	0.0382775119617225
A[T>C]G	0.033492822966507185	0.028708133971291877	0.05023923444976079	0.0215311004784689	0.09090909090909093	0.1028708133971292	0.10526315789473685	0.09569377990430623	0.031100478468899517	0.04066985645933015	0.6985645933014355	0.03588516746411484	0.10526315789473685	0.09330143540669858	0.09808612440191389	0.07416267942583733	0.031100478468899517	0.04066985645933015	0.0	0.002392344497607668	0.11722488038277513	0.10047846889952154	0.11004784688995217	0.11244019138755983	0.10765550239234448	0.10526315789473684	0.014354066985645925	0.1435406698564593	0.1028708133971292	0.09330143540669858	0.07894736842105265	0.06459330143540672	0.00956937799043063	0.033492822966507185	0.47129186602870815	0.04545454545454544	0.11244019138755983	0.0861244019138756	0.062200956937799055	0.038277511961722493	0.0861244019138756	0.004784688995215322	0.02631578947368421	0.07177033492822965	0.11722488038277513	0.10047846889952154	0.09090909090909093	0.0813397129186603	0.05263157894736842	0.007177033492822976	0.016746411483253593	0.0	0.09090909090909093	0.0813397129186603	0.1028708133971292	0.0861244019138756	0.1291866028708134	0.23205741626794257	0.8803827751196172	0.1291866028708134	0.11483253588516748	0.09090909090909093	0.1028708133971292	0.11961722488038279	0.05023923444976079	0.0598086124401914	0.0598086124401914	0.04066985645933015	0.11483253588516748	0.1076555023923445	0.11004784688995217	0.09330143540669858	0.057416267942583726	0.0071770334928229484	0.011961722488038284	0.019138755980861233	0.062200956937799055	0.0861244019138756	0.09330143540669858	0.06459330143540672	0.05023923444976075	0.08373205741626791	0.208133971291866	0.02392344497607654	0.057416267942583754	0.11004784688995217	0.11004784688995217	0.09090909090909093	0.0813397129186603	0.04066985645933015	0.045454545454545456	0.05023923444976079	0.11483253588516748	0.07894736842105265	0.11483253588516748	0.07894736842105265
A[T>C]T	0.03588516746411485	0.031100478468899545	0.047846889952153124	0.019138755980861233	0.08851674641148326	0.10047846889952153	0.10287081339712918	0.09330143540669857	0.033492822966507185	0.03827751196172248	0.7009569377990431	0.03349282296650717	0.10287081339712918	0.09090909090909091	0.09569377990430622	0.07177033492822966	0.033492822966507185	0.03827751196172248	0.002392344497607668	0.0	0.11483253588516747	0.09808612440191387	0.1076555023923445	0.11004784688995216	0.11004784688995214	0.1076555023923445	0.016746411483253593	0.14593301435406697	0.10047846889952153	0.09090909090909091	0.07655502392344499	0.06220095693779905	0.007177033492822962	0.03588516746411485	0.4736842105263158	0.04784688995215311	0.11004784688995216	0.08373205741626794	0.05980861244019139	0.04066985645933016	0.08373205741626794	0.002392344497607654	0.028708133971291877	0.07416267942583732	0.11483253588516747	0.09808612440191387	0.08851674641148326	0.07894736842105263	0.055023923444976086	0.004784688995215308	0.014354066985645925	0.002392344497607668	0.08851674641148326	0.07894736842105263	0.10047846889952153	0.08373205741626794	0.13157894736842107	0.23444976076555024	0.8827751196172249	0.13157894736842107	0.11244019138755981	0.08851674641148326	0.10047846889952153	0.11722488038277512	0.047846889952153124	0.05741626794258373	0.05741626794258373	0.03827751196172248	0.11244019138755981	0.10526315789473684	0.1076555023923445	0.09090909090909091	0.059808612440191394	0.009569377990430616	0.009569377990430616	0.0215311004784689	0.05980861244019139	0.08373205741626794	0.09090909090909091	0.06220095693779905	0.05263157894736842	0.08612440191387558	0.21052631578947367	0.02631578947368421	0.055023923444976086	0.1076555023923445	0.1076555023923445	0.08851674641148326	0.07894736842105263	0.03827751196172248	0.04306220095693779	0.047846889952153124	0.11244019138755981	0.07655502392344499	0.11244019138755981	0.07655502392344499
