	A[C>A]A	A[C>A]C	A[C>A]G	A[C>A]T	A[C>G]A	A[C>G]C	A[C>G]G	A[C>G]T	A[C>T]A	A[C>T]C	A[C>T]G	A[C>T]T	A[T>A]A	A[T>A]C	A[T>A]G	A[T>A]T	A[T>C]A	A[T>C]C	A[T>C]G	A[T>C]T	A[T>G]A	A[T>G]C	A[T>G]G	A[T>G]T	C[C>A]A	C[C>A]C	C[C>A]G	C[C>A]T	C[C>G]A	C[C>G]C	C[C>G]G	C[C>G]T	C[C>T]A	C[C>T]C	C[C>T]G	C[C>T]T	C[T>A]A	C[T>A]C	C[T>A]G	C[T>A]T	C[T>C]A	C[T>C]C	C[T>C]G	C[T>C]T	C[T>G]A	C[T>G]C	C[T>G]G	C[T>G]T	G[C>A]A	G[C>A]C	G[C>A]G	G[C>A]T	G[C>G]A	G[C>G]C	G[C>G]G	G[C>G]T	G[C>T]A	G[C>T]C	G[C>T]G	G[C>T]T	G[T>A]A	G[T>A]C	G[T>A]G	G[T>A]T	G[T>C]A	G[T>C]C	G[T>C]G	G[T>C]T	G[T>G]A	G[T>G]C	G[T>G]G	G[T>G]T	T[C>A]A	T[C>A]C	T[C>A]G	T[C>A]T	T[C>G]A	T[C>G]C	T[C>G]G	T[C>G]T	T[C>T]A	T[C>T]C	T[C>T]G	T[C>T]T	T[T>A]A	T[T>A]C	T[T>A]G	T[T>A]T	T[T>C]A	T[T>C]C	T[T>C]G	T[T>C]T	T[T>G]A	T[T>G]C	T[T>G]G	T[T>G]T
A[C>A]A	0.0	0.009163802978235963	0.046964490263459335	0.010309278350515469	0.05269186712485681	0.044673539518900345	0.058419243986254296	0.038946162657502864	0.06185567010309277	0.07216494845360825	0.34249713631156925	0.0011454753722795058	0.05383734249713631	0.021764032073310423	0.025200458190148906	0.05154639175257732	0.050400916380297825	0.012600229095074453	0.03780068728522337	0.09965635738831617	0.07101947308132875	0.07560137457044673	0.06643757159221077	0.058419243986254296	0.7628865979381444	0.6746849942726232	0.9243986254295533	0.6678121420389461	0.038946162657502864	0.0057273768613974735	0.044673539518900345	0.021764032073310423	0.09736540664375716	0.10423825887743414	0.3001145475372279	0.06758304696449026	0.06872852233676975	0.044673539518900345	0.020618556701030924	0.05154639175257732	0.044673539518900345	0.013745704467353945	0.0320733104238259	0.010309278350515469	0.06758304696449026	0.043528064146620846	0.046964490263459335	0.037800687285223365	0.006872852233676979	0.01145475372279496	0.028636884306987395	0.009163802978235963	0.04925544100801832	0.020618556701030924	0.0561282932416953	0.03665521191294387	0.0916380297823597	0.2222222222222222	0.3974799541809851	0.0916380297823597	0.06300114547537228	0.06300114547537228	0.2714776632302405	0.06185567010309278	0.038946162657502864	0.03665521191294387	0.024054982817869414	0.01145475372279496	0.06987399770904926	0.06300114547537228	0.045819014891179836	0.06529209621993126	0.140893470790378	0.15922107674684993	0.06185567010309277	0.13974799541809851	0.09049255441008018	0.02863688430698741	0.04925544100801832	0.13860252004581902	0.36655211912943864	0.22680412371134018	0.2371134020618556	0.15693012600229095	0.06529209621993126	0.05269186712485681	0.0561282932416953	0.05956471935853379	0.058419243986254296	0.026345933562428404	0.012600229095074453	0.016036655211912942	0.07216494845360824	0.06414662084765177	0.05956471935853379	0.042382588774341354
A[C>A]C	0.009163802978235963	0.0	0.03780068728522337	0.0011454753722795058	0.043528064146620846	0.03550973654066438	0.04925544100801833	0.0297823596792669	0.07101947308132874	0.08132875143184422	0.35166093928980524	0.010309278350515469	0.044673539518900345	0.01260022909507446	0.016036655211912942	0.042382588774341354	0.05956471935853379	0.0034364261168384896	0.046964490263459335	0.10882016036655213	0.061855670103092786	0.06643757159221077	0.0572737686139748	0.04925544100801833	0.7720504009163803	0.6838487972508591	0.9335624284077892	0.6769759450171821	0.0297823596792669	0.0034364261168384896	0.03550973654066438	0.01260022909507446	0.10652920962199312	0.1134020618556701	0.3092783505154639	0.07674684994272622	0.05956471935853379	0.03550973654066438	0.01145475372279496	0.042382588774341354	0.03550973654066438	0.0045819014891179816	0.04123711340206186	0.0011454753722795058	0.058419243986254296	0.03436426116838488	0.03780068728522337	0.028636884306987402	0.016036655211912942	0.0022909507445589977	0.019473081328751432	0.0	0.040091638029782356	0.01145475372279496	0.046964490263459335	0.02749140893470791	0.10080183276059566	0.2313860252004582	0.4066437571592211	0.10080183276059566	0.053837342497136315	0.053837342497136315	0.28064146620847646	0.052691867124856816	0.0297823596792669	0.02749140893470791	0.01489117983963345	0.020618556701030924	0.06071019473081329	0.053837342497136315	0.03665521191294387	0.056128293241695305	0.15005727376861394	0.16838487972508592	0.07101947308132874	0.1489117983963345	0.09965635738831614	0.03780068728522337	0.040091638029782356	0.14776632302405496	0.3757159221076746	0.23596792668957617	0.2462772050400916	0.16609392898052694	0.056128293241695305	0.043528064146620846	0.046964490263459335	0.050400916380297825	0.04925544100801833	0.01718213058419244	0.0034364261168384896	0.006872852233676979	0.06300114547537228	0.054982817869415807	0.050400916380297825	0.03321878579610539
A[C>A]G	0.046964490263459335	0.03780068728522337	0.0	0.036655211912943866	0.00572737686139748	0.0022909507445589873	0.01145475372279496	0.008018327605956468	0.10882016036655211	0.11912943871706759	0.3894616265750286	0.04810996563573884	0.006872852233676976	0.02520045819014891	0.021764032073310426	0.004581901489117985	0.09736540664375716	0.03436426116838488	0.08476517754868271	0.1466208476517755	0.024054982817869414	0.0286368843069874	0.019473081328751432	0.01145475372279496	0.8098510882016037	0.7216494845360825	0.9713631156930126	0.7147766323024054	0.008018327605956468	0.04123711340206186	0.0022909507445589873	0.02520045819014891	0.14432989690721648	0.15120274914089346	0.3470790378006872	0.1145475372279496	0.021764032073310423	0.0022909507445589873	0.026345933562428408	0.004581901489117985	0.0022909507445589873	0.03321878579610539	0.07903780068728523	0.036655211912943866	0.020618556701030927	0.003436426116838486	0.0	0.009163802978235967	0.053837342497136315	0.035509736540664374	0.018327605956471937	0.03780068728522337	0.0022909507445589908	0.026345933562428408	0.00916380297823597	0.010309278350515459	0.13860252004581902	0.26918671248568155	0.4444444444444444	0.13860252004581902	0.016036655211912942	0.016036655211912942	0.3184421534936998	0.014891179839633447	0.008018327605956468	0.010309278350515459	0.022909507445589918	0.058419243986254296	0.022909507445589918	0.016036655211912942	0.0011454753722794954	0.018327605956471933	0.1878579610538373	0.20618556701030927	0.10882016036655211	0.18671248568155785	0.1374570446735395	0.07560137457044674	0.0022909507445589908	0.18556701030927833	0.41351660939289797	0.2737686139747995	0.28407789232531494	0.20389461626575028	0.018327605956471933	0.00572737686139748	0.00916380297823597	0.012600229095074453	0.01145475372279496	0.020618556701030927	0.03436426116838488	0.03092783505154639	0.025200458190148912	0.017182130584192438	0.012600229095074453	0.004581901489117978
A[C>A]T	0.010309278350515469	0.0011454753722795058	0.036655211912943866	0.0	0.04238258877434134	0.034364261168384876	0.04810996563573883	0.028636884306987395	0.07216494845360824	0.08247422680412372	0.35280641466208473	0.011454753722794975	0.04352806414662084	0.011454753722794954	0.014891179839633437	0.04123711340206185	0.060710194730813294	0.002290950744558984	0.04810996563573884	0.10996563573883164	0.06071019473081328	0.06529209621993126	0.05612829324169529	0.04810996563573883	0.7731958762886598	0.6849942726231386	0.9347079037800687	0.6781214203894615	0.028636884306987395	0.0045819014891179954	0.034364261168384876	0.011454753722794954	0.10767468499427263	0.11454753722794961	0.31042382588774337	0.07789232531500573	0.05841924398625428	0.034364261168384876	0.010309278350515455	0.04123711340206185	0.034364261168384876	0.0034364261168384758	0.04238258877434137	0.0	0.05727376861397479	0.03321878579610538	0.036655211912943866	0.027491408934707896	0.017182130584192448	0.001145475372279492	0.018327605956471926	0.0011454753722795058	0.03894616265750285	0.010309278350515455	0.04581901489117983	0.026345933562428404	0.10194730813287517	0.2325315005727377	0.40778923253150057	0.10194730813287517	0.05269186712485681	0.05269186712485681	0.28178694158075596	0.05154639175257731	0.028636884306987395	0.026345933562428404	0.013745704467353945	0.02176403207331043	0.05956471935853378	0.05269186712485681	0.03550973654066437	0.0549828178694158	0.15120274914089346	0.16953035509736541	0.07216494845360824	0.150057273768614	0.10080183276059565	0.03894616265750288	0.03894616265750285	0.14891179839633448	0.3768613974799541	0.23711340206185566	0.2474226804123711	0.16723940435280643	0.0549828178694158	0.04238258877434134	0.04581901489117983	0.04925544100801832	0.04810996563573883	0.016036655211912935	0.002290950744558984	0.0057273768613974735	0.06185567010309277	0.0538373424971363	0.04925544100801832	0.032073310423825885
A[C>G]A	0.05269186712485681	0.043528064146620846	0.00572737686139748	0.04238258877434134	0.0	0.008018327605956468	0.00572737686139748	0.013745704467353948	0.11454753722794958	0.12485681557846506	0.3951890034364261	0.053837342497136315	0.0011454753722794954	0.03092783505154639	0.027491408934707907	0.0011454753722794954	0.10309278350515463	0.040091638029782356	0.09049255441008018	0.15234822451317298	0.018327605956471933	0.022909507445589918	0.01374570446735395	0.00572737686139748	0.8155784650630011	0.7273768613974799	0.97709049255441	0.7205040091638029	0.013745704467353948	0.046964490263459335	0.008018327605956468	0.03092783505154639	0.15005727376861397	0.15693012600229095	0.35280641466208473	0.12027491408934707	0.016036655211912942	0.008018327605956468	0.032073310423825885	0.0011454753722794954	0.008018327605956468	0.038946162657502864	0.08476517754868271	0.04238258877434134	0.014891179839633447	0.009163802978235967	0.00572737686139748	0.014891179839633447	0.05956471935853379	0.04123711340206185	0.024054982817869417	0.043528064146620846	0.0034364261168384896	0.032073310423825885	0.0034364261168384896	0.01603665521191294	0.1443298969072165	0.27491408934707906	0.45017182130584193	0.1443298969072165	0.010309278350515462	0.010309278350515462	0.3241695303550973	0.009163802978235967	0.013745704467353948	0.01603665521191294	0.0286368843069874	0.06414662084765177	0.017182130584192438	0.010309278350515462	0.006872852233676976	0.012600229095074455	0.1935853379152348	0.21191294387170675	0.11454753722794958	0.19243986254295534	0.143184421534937	0.08132875143184422	0.0034364261168384896	0.19129438717067582	0.4192439862542955	0.27949599083619703	0.28980526918671246	0.20962199312714777	0.012600229095074455	0.0	0.0034364261168384896	0.006872852233676972	0.00572737686139748	0.026345933562428408	0.040091638029782356	0.036655211912943866	0.019473081328751432	0.011454753722794957	0.006872852233676972	0.010309278350515459
A[C>G]C	0.044673539518900345	0.03550973654066438	0.0022909507445589873	0.034364261168384876	0.008018327605956468	0.0	0.013745704467353948	0.00572737686139748	0.10652920962199311	0.11683848797250859	0.3871706758304696	0.04581901489117985	0.009163802978235963	0.02290950744558992	0.01947308132875144	0.006872852233676972	0.09507445589919816	0.03207331042382589	0.08247422680412372	0.1443298969072165	0.0263459335624284	0.030927835051546386	0.021764032073310416	0.013745704467353948	0.8075601374570447	0.7193585337915235	0.9690721649484536	0.7124856815578464	0.00572737686139748	0.03894616265750287	0.0	0.02290950744558992	0.1420389461626575	0.14891179839633448	0.34478808705612823	0.1122565864833906	0.02405498281786941	0.0	0.02405498281786942	0.006872852233676972	0.0	0.0309278350515464	0.07674684994272624	0.034364261168384876	0.022909507445589915	0.0011454753722794989	0.0022909507445589873	0.006872852233676979	0.051546391752577324	0.033218785796105384	0.01603665521191295	0.03550973654066438	0.004581901489117978	0.02405498281786942	0.011454753722794957	0.008018327605956471	0.13631156930126004	0.26689576174112256	0.44215349369988544	0.13631156930126004	0.01832760595647193	0.01832760595647193	0.3161512027491408	0.017182130584192434	0.00572737686139748	0.008018327605956471	0.02061855670103093	0.056128293241695305	0.025200458190148906	0.01832760595647193	0.001145475372279492	0.020618556701030924	0.18556701030927833	0.20389461626575028	0.10652920962199311	0.18442153493699887	0.13516609392898052	0.07331042382588776	0.004581901489117978	0.18327605956471935	0.411225658648339	0.27147766323024053	0.28178694158075596	0.2016036655211913	0.020618556701030924	0.008018327605956468	0.011454753722794957	0.01489117983963344	0.013745704467353948	0.01832760595647194	0.03207331042382589	0.028636884306987402	0.027491408934707896	0.019473081328751425	0.01489117983963344	0.0022909507445589908
A[C>G]G	0.058419243986254296	0.04925544100801833	0.01145475372279496	0.04810996563573883	0.00572737686139748	0.013745704467353948	0.0	0.01947308132875143	0.12027491408934707	0.13058419243986255	0.40091638029782356	0.0595647193585338	0.004581901489117985	0.036655211912943866	0.03321878579610539	0.006872852233676976	0.10882016036655212	0.04581901489117984	0.09621993127147767	0.15807560137457047	0.012600229095074453	0.017182130584192438	0.00801832760595647	0.0	0.8213058419243986	0.7331042382588774	0.9828178694158075	0.7262313860252003	0.01947308132875143	0.05269186712485682	0.013745704467353948	0.036655211912943866	0.15578465063001146	0.16265750286368844	0.3585337915234822	0.12600229095074456	0.010309278350515462	0.013745704467353948	0.03780068728522337	0.006872852233676976	0.013745704467353948	0.04467353951890035	0.0904925544100802	0.04810996563573883	0.009163802978235967	0.014891179839633447	0.01145475372279496	0.020618556701030927	0.06529209621993128	0.046964490263459335	0.029782359679266898	0.04925544100801833	0.00916380297823597	0.03780068728522337	0.0022909507445589908	0.02176403207331042	0.150057273768614	0.2806414662084765	0.4558991981672394	0.150057273768614	0.0045819014891179816	0.0045819014891179816	0.3298969072164948	0.003436426116838486	0.01947308132875143	0.02176403207331042	0.03436426116838488	0.06987399770904926	0.011454753722794957	0.0045819014891179816	0.012600229095074456	0.006872852233676974	0.1993127147766323	0.21764032073310424	0.12027491408934707	0.19816723940435282	0.14891179839633448	0.0870561282932417	0.00916380297823597	0.1970217640320733	0.42497136311569295	0.2852233676975945	0.2955326460481099	0.21534936998854526	0.006872852233676974	0.00572737686139748	0.0022909507445589908	0.001145475372279492	0.0	0.032073310423825885	0.04581901489117984	0.042382588774341354	0.01374570446735395	0.005727376861397477	0.001145475372279492	0.01603665521191294
A[C>G]T	0.038946162657502864	0.0297823596792669	0.008018327605956468	0.028636884306987395	0.013745704467353948	0.00572737686139748	0.01947308132875143	0.0	0.10080183276059564	0.11111111111111112	0.38144329896907214	0.04009163802978237	0.014891179839633444	0.01718213058419244	0.013745704467353959	0.012600229095074453	0.08934707903780069	0.02634593356242841	0.07674684994272624	0.13860252004581902	0.032073310423825885	0.036655211912943866	0.027491408934707896	0.01947308132875143	0.8018327605956472	0.713631156930126	0.9633447880870561	0.706758304696449	0.0	0.03321878579610539	0.00572737686139748	0.01718213058419244	0.13631156930126004	0.143184421534937	0.3390607101947308	0.10652920962199312	0.02978235967926689	0.00572737686139748	0.01832760595647194	0.012600229095074453	0.00572737686139748	0.02520045819014892	0.07101947308132876	0.028636884306987395	0.028636884306987395	0.0045819014891179816	0.008018327605956468	0.0011454753722794989	0.04581901489117984	0.027491408934707903	0.010309278350515469	0.0297823596792669	0.010309278350515459	0.01832760595647194	0.017182130584192438	0.0022909507445589908	0.13058419243986258	0.2611683848797251	0.436426116838488	0.13058419243986258	0.02405498281786941	0.02405498281786941	0.31042382588774337	0.022909507445589915	0.0	0.0022909507445589908	0.01489117983963345	0.050400916380297825	0.030927835051546386	0.02405498281786941	0.006872852233676972	0.026345933562428404	0.17983963344788084	0.19816723940435282	0.10080183276059564	0.1786941580756014	0.12943871706758303	0.06758304696449027	0.010309278350515459	0.17754868270332186	0.40549828178694153	0.26575028636884307	0.2760595647193585	0.19587628865979384	0.026345933562428404	0.013745704467353948	0.017182130584192438	0.02061855670103092	0.01947308132875143	0.01260022909507446	0.02634593356242841	0.02290950744558992	0.03321878579610538	0.025200458190148906	0.02061855670103092	0.0034364261168384896
A[C>T]A	0.06185567010309277	0.07101947308132874	0.10882016036655211	0.07216494845360824	0.11454753722794958	0.10652920962199311	0.12027491408934707	0.10080183276059564	0.0	0.010309278350515483	0.2806414662084765	0.060710194730813266	0.11569301260022907	0.08361970217640319	0.08705612829324168	0.11340206185567009	0.011454753722794947	0.07445589919816722	0.0240549828178694	0.0378006872852234	0.1328751431844215	0.1374570446735395	0.12829324169530354	0.12027491408934707	0.7010309278350516	0.6128293241695304	0.8625429553264605	0.6059564719358533	0.10080183276059564	0.06758304696449025	0.10652920962199311	0.08361970217640319	0.03550973654066439	0.04238258877434137	0.23825887743413512	0.005727376861397487	0.13058419243986252	0.10652920962199311	0.0824742268041237	0.11340206185567009	0.10652920962199311	0.07560137457044672	0.029782359679266873	0.07216494845360824	0.12943871706758303	0.10538373424971362	0.10882016036655211	0.09965635738831613	0.05498281786941579	0.07331042382588773	0.09049255441008017	0.07101947308132874	0.11111111111111109	0.0824742268041237	0.11798396334478807	0.09851088201603664	0.02978235967926693	0.16036655211912945	0.33562428407789235	0.02978235967926693	0.12485681557846505	0.12485681557846505	0.20962199312714772	0.12371134020618554	0.10080183276059564	0.09851088201603664	0.08591065292096219	0.05040091638029781	0.13172966781214202	0.12485681557846505	0.1076746849942726	0.12714776632302405	0.07903780068728522	0.09736540664375717	0.0	0.07789232531500576	0.02863688430698741	0.03321878579610536	0.11111111111111109	0.07674684994272624	0.30469644902634585	0.16494845360824742	0.17525773195876285	0.09507445589919819	0.12714776632302405	0.11454753722794958	0.11798396334478807	0.12142038946162656	0.12027491408934707	0.08820160366552118	0.07445589919816722	0.07789232531500571	0.13402061855670103	0.12600229095074456	0.12142038946162656	0.10423825887743413
A[C>T]C	0.07216494845360825	0.08132875143184422	0.11912943871706759	0.08247422680412372	0.12485681557846506	0.11683848797250859	0.13058419243986255	0.11111111111111112	0.010309278350515483	0.0	0.270332187857961	0.07101947308132875	0.12600229095074456	0.09392898052691867	0.09736540664375716	0.12371134020618557	0.02176403207331043	0.08476517754868271	0.03436426116838488	0.027491408934707917	0.143184421534937	0.14776632302405499	0.13860252004581902	0.13058419243986255	0.6907216494845361	0.6025200458190149	0.852233676975945	0.5956471935853378	0.11111111111111112	0.07789232531500573	0.11683848797250859	0.09392898052691867	0.025200458190148906	0.032073310423825885	0.22794959908361964	0.0045819014891179954	0.140893470790378	0.11683848797250859	0.09278350515463918	0.12371134020618557	0.11683848797250859	0.0859106529209622	0.040091638029782356	0.08247422680412372	0.13974799541809851	0.1156930126002291	0.11912943871706759	0.10996563573883161	0.06529209621993128	0.08361970217640322	0.10080183276059565	0.08132875143184422	0.12142038946162657	0.09278350515463918	0.12829324169530357	0.10882016036655212	0.019473081328751446	0.15005727376861397	0.3253150057273768	0.019473081328751446	0.13516609392898052	0.13516609392898052	0.19931271477663223	0.13402061855670103	0.11111111111111112	0.10882016036655212	0.09621993127147767	0.060710194730813294	0.1420389461626575	0.13516609392898052	0.11798396334478808	0.13745704467353953	0.06872852233676974	0.08705612829324169	0.010309278350515483	0.06758304696449027	0.018327605956471926	0.043528064146620846	0.12142038946162657	0.06643757159221075	0.2943871706758304	0.15463917525773194	0.16494845360824736	0.08476517754868271	0.13745704467353953	0.12485681557846506	0.12829324169530357	0.13172966781214204	0.13058419243986255	0.09851088201603667	0.08476517754868271	0.0882016036655212	0.1443298969072165	0.13631156930126004	0.13172966781214204	0.11454753722794961
A[C>T]G	0.34249713631156925	0.35166093928980524	0.3894616265750286	0.35280641466208473	0.3951890034364261	0.3871706758304696	0.40091638029782356	0.38144329896907214	0.2806414662084765	0.270332187857961	0.0	0.34135166093928976	0.3963344788087056	0.3642611683848797	0.3676975945017182	0.39404352806414655	0.29209621993127144	0.3550973654066437	0.3046964490263459	0.2428407789232531	0.413516609392898	0.418098510882016	0.40893470790378	0.40091638029782356	0.4203894616265751	0.3321878579610539	0.581901489117984	0.3253150057273768	0.38144329896907214	0.34822451317296677	0.3871706758304696	0.3642611683848797	0.2451317296678121	0.23825887743413512	0.04238258877434137	0.274914089347079	0.41122565864833904	0.3871706758304696	0.36311569301260016	0.39404352806414655	0.3871706758304696	0.3562428407789232	0.31042382588774337	0.35280641466208473	0.41008018327605955	0.3860252004581901	0.3894616265750286	0.38029782359679265	0.3356242840778923	0.3539518900343642	0.37113402061855666	0.35166093928980524	0.39175257731958757	0.36311569301260016	0.3986254295532646	0.37915234822451316	0.25085910652920956	0.12027491408934704	0.054982817869415834	0.25085910652920956	0.40549828178694153	0.40549828178694153	0.07101947308132878	0.40435280641466204	0.38144329896907214	0.37915234822451316	0.3665521191294387	0.3310423825887743	0.41237113402061853	0.40549828178694153	0.3883161512027491	0.4077892325315005	0.20160366552119127	0.18327605956471932	0.2806414662084765	0.20274914089347074	0.2520045819014891	0.31386025200458184	0.39175257731958757	0.20389461626575026	0.024054982817869386	0.11569301260022907	0.10538373424971365	0.1855670103092783	0.4077892325315005	0.3951890034364261	0.3986254295532646	0.40206185567010305	0.40091638029782356	0.3688430698739977	0.3550973654066437	0.3585337915234822	0.4146620847651775	0.406643757159221	0.40206185567010305	0.3848797250859106
A[C>T]T	0.0011454753722795058	0.010309278350515469	0.04810996563573884	0.011454753722794975	0.053837342497136315	0.04581901489117985	0.0595647193585338	0.04009163802978237	0.060710194730813266	0.07101947308132875	0.34135166093928976	0.0	0.05498281786941581	0.02290950744558993	0.02634593356242841	0.05269186712485682	0.04925544100801832	0.013745704467353959	0.036655211912943866	0.09851088201603667	0.07216494845360825	0.07674684994272624	0.06758304696449027	0.0595647193585338	0.7617411225658648	0.6735395189003437	0.9232531500572738	0.6666666666666665	0.04009163802978237	0.006872852233676979	0.04581901489117985	0.02290950744558993	0.09621993127147765	0.10309278350515463	0.2989690721649484	0.06643757159221075	0.06987399770904926	0.04581901489117985	0.02176403207331043	0.05269186712485682	0.04581901489117985	0.01489117983963345	0.030927835051546393	0.011454753722794975	0.06872852233676977	0.04467353951890035	0.04810996563573884	0.03894616265750287	0.0057273768613974735	0.012600229095074467	0.0297823596792669	0.010309278350515469	0.050400916380297825	0.02176403207331043	0.057273768613974804	0.03780068728522338	0.0904925544100802	0.22107674684994272	0.3963344788087056	0.0904925544100802	0.06414662084765178	0.06414662084765178	0.270332187857961	0.06300114547537228	0.04009163802978237	0.03780068728522338	0.02520045819014892	0.010309278350515455	0.07101947308132876	0.06414662084765178	0.04696449026345934	0.06643757159221077	0.1397479954180985	0.15807560137457044	0.060710194730813266	0.13860252004581902	0.08934707903780068	0.027491408934707903	0.050400916380297825	0.1374570446735395	0.36540664375715914	0.22565864833906069	0.2359679266895761	0.15578465063001146	0.06643757159221077	0.053837342497136315	0.057273768613974804	0.060710194730813294	0.0595647193585338	0.02749140893470791	0.013745704467353959	0.017182130584192448	0.07331042382588775	0.06529209621993128	0.060710194730813294	0.04352806414662086
A[T>A]A	0.05383734249713631	0.044673539518900345	0.006872852233676976	0.04352806414662084	0.0011454753722794954	0.009163802978235963	0.004581901489117985	0.014891179839633444	0.11569301260022907	0.12600229095074456	0.3963344788087056	0.05498281786941581	0.0	0.032073310423825885	0.028636884306987402	0.0022909507445589908	0.10423825887743413	0.041237113402061855	0.09163802978235969	0.15349369988545247	0.017182130584192438	0.021764032073310423	0.012600229095074455	0.004581901489117985	0.8167239404352806	0.7285223367697594	0.9782359679266895	0.7216494845360824	0.014891179839633444	0.048109965635738834	0.009163802978235963	0.032073310423825885	0.15120274914089346	0.15807560137457044	0.3539518900343642	0.12142038946162656	0.014891179839633447	0.009163802978235963	0.033218785796105384	0.0022909507445589908	0.009163802978235963	0.04009163802978236	0.0859106529209622	0.04352806414662084	0.013745704467353952	0.010309278350515462	0.006872852233676976	0.016036655211912942	0.06071019473081329	0.04238258877434135	0.025200458190148912	0.044673539518900345	0.004581901489117985	0.033218785796105384	0.0022909507445589943	0.017182130584192434	0.145475372279496	0.27605956471935855	0.4513172966781214	0.145475372279496	0.009163802978235967	0.009163802978235967	0.3253150057273768	0.008018327605956471	0.014891179839633444	0.017182130584192434	0.029782359679266894	0.06529209621993126	0.016036655211912942	0.009163802978235967	0.008018327605956471	0.011454753722794959	0.1947308132875143	0.21305841924398625	0.11569301260022907	0.19358533791523483	0.14432989690721648	0.08247422680412372	0.004581901489117985	0.1924398625429553	0.420389461626575	0.2806414662084765	0.29095074455899195	0.21076746849942726	0.011454753722794959	0.0011454753722794954	0.0022909507445589943	0.005727376861397477	0.004581901489117985	0.027491408934707903	0.041237113402061855	0.037800687285223365	0.018327605956471933	0.010309278350515462	0.005727376861397477	0.011454753722794954
A[T>A]C	0.021764032073310423	0.01260022909507446	0.02520045819014891	0.011454753722794954	0.03092783505154639	0.02290950744558992	0.036655211912943866	0.01718213058419244	0.08361970217640319	0.09392898052691867	0.3642611683848797	0.02290950744558993	0.032073310423825885	0.0	0.0034364261168384827	0.029782359679266894	0.07216494845360824	0.00916380297823597	0.059564719358533795	0.12142038946162659	0.049255441008018326	0.05383734249713631	0.04467353951890034	0.036655211912943866	0.7846506300114547	0.6964490263459335	0.9461626575028637	0.6895761741122565	0.01718213058419244	0.01603665521191295	0.02290950744558992	0.0	0.11912943871706758	0.12600229095074456	0.32187857961053834	0.08934707903780068	0.04696449026345933	0.02290950744558992	0.0011454753722794989	0.029782359679266894	0.02290950744558992	0.008018327605956478	0.05383734249713632	0.011454753722794954	0.045819014891179836	0.021764032073310423	0.02520045819014891	0.016036655211912942	0.028636884306987402	0.010309278350515462	0.006872852233676972	0.01260022909507446	0.0274914089347079	0.0011454753722794989	0.03436426116838488	0.01489117983963345	0.11340206185567012	0.24398625429553264	0.41924398625429554	0.11340206185567012	0.04123711340206185	0.04123711340206185	0.29324169530355093	0.040091638029782356	0.01718213058419244	0.01489117983963345	0.0022909507445589908	0.033218785796105384	0.04810996563573883	0.04123711340206185	0.024054982817869414	0.043528064146620846	0.1626575028636884	0.18098510882016036	0.08361970217640319	0.16151202749140894	0.1122565864833906	0.05040091638029783	0.0274914089347079	0.16036655211912942	0.3883161512027491	0.2485681557846506	0.25887743413516606	0.17869415807560138	0.043528064146620846	0.03092783505154639	0.03436426116838488	0.03780068728522336	0.036655211912943866	0.0045819014891179816	0.00916380297823597	0.00572737686139748	0.05040091638029782	0.04238258877434135	0.03780068728522336	0.02061855670103093
A[T>A]G	0.025200458190148906	0.016036655211912942	0.021764032073310426	0.014891179839633437	0.027491408934707907	0.01947308132875144	0.03321878579610539	0.013745704467353959	0.08705612829324168	0.09736540664375716	0.3676975945017182	0.02634593356242841	0.028636884306987402	0.0034364261168384827	0.0	0.02634593356242841	0.07560137457044673	0.012600229095074453	0.06300114547537228	0.12485681557846508	0.04581901489117984	0.050400916380297825	0.041237113402061855	0.03321878579610539	0.7880870561282932	0.699885452462772	0.9495990836197021	0.6930126002290949	0.013745704467353959	0.019473081328751432	0.01947308132875144	0.0034364261168384827	0.12256586483390607	0.12943871706758303	0.3253150057273768	0.09278350515463916	0.043528064146620846	0.01947308132875144	0.0045819014891179816	0.02634593356242841	0.01947308132875144	0.01145475372279496	0.057273768613974804	0.014891179839633437	0.042382588774341354	0.01832760595647194	0.021764032073310426	0.01260022909507446	0.032073310423825885	0.013745704467353945	0.0034364261168384896	0.016036655211912942	0.024054982817869417	0.0045819014891179816	0.030927835051546396	0.011454753722794968	0.1168384879725086	0.24742268041237114	0.422680412371134	0.1168384879725086	0.03780068728522337	0.03780068728522337	0.2966781214203894	0.03665521191294387	0.013745704467353959	0.011454753722794968	0.001145475372279492	0.036655211912943866	0.044673539518900345	0.03780068728522337	0.02061855670103093	0.04009163802978236	0.16609392898052688	0.18442153493699887	0.08705612829324168	0.16494845360824745	0.11569301260022909	0.053837342497136315	0.024054982817869417	0.1638029782359679	0.39175257731958757	0.2520045819014891	0.26231386025200454	0.18213058419243988	0.04009163802978236	0.027491408934707907	0.030927835051546396	0.03436426116838488	0.03321878579610539	0.0011454753722794989	0.012600229095074453	0.009163802978235963	0.046964490263459335	0.038946162657502864	0.03436426116838488	0.017182130584192448
A[T>A]T	0.05154639175257732	0.042382588774341354	0.004581901489117985	0.04123711340206185	0.0011454753722794954	0.006872852233676972	0.006872852233676976	0.012600229095074453	0.11340206185567009	0.12371134020618557	0.39404352806414655	0.05269186712485682	0.0022909507445589908	0.029782359679266894	0.02634593356242841	0.0	0.10194730813287514	0.038946162657502864	0.08934707903780069	0.1512027491408935	0.01947308132875143	0.024054982817869414	0.014891179839633445	0.006872852233676976	0.8144329896907216	0.7262313860252004	0.9759450171821306	0.7193585337915234	0.012600229095074453	0.04581901489117984	0.006872852233676972	0.029782359679266894	0.14891179839633448	0.15578465063001146	0.35166093928980524	0.11912943871706758	0.017182130584192438	0.006872852233676972	0.030927835051546393	0.0	0.006872852233676972	0.03780068728522337	0.08361970217640322	0.04123711340206185	0.016036655211912942	0.008018327605956471	0.004581901489117985	0.013745704467353952	0.058419243986254296	0.040091638029782356	0.02290950744558992	0.042382588774341354	0.0022909507445589943	0.030927835051546393	0.004581901489117985	0.014891179839633444	0.14318442153493702	0.27376861397479957	0.4490263459335624	0.14318442153493702	0.011454753722794957	0.011454753722794957	0.32302405498281783	0.010309278350515462	0.012600229095074453	0.014891179839633444	0.027491408934707903	0.06300114547537228	0.018327605956471933	0.011454753722794957	0.00572737686139748	0.01374570446735395	0.1924398625429553	0.21076746849942726	0.11340206185567009	0.19129438717067584	0.1420389461626575	0.08018327605956473	0.0022909507445589943	0.19014891179839633	0.418098510882016	0.27835051546391754	0.28865979381443296	0.20847651775486828	0.01374570446735395	0.0011454753722794954	0.004581901489117985	0.008018327605956468	0.006872852233676976	0.025200458190148912	0.038946162657502864	0.035509736540664374	0.020618556701030924	0.012600229095074453	0.008018327605956468	0.009163802978235963
A[T>C]A	0.050400916380297825	0.05956471935853379	0.09736540664375716	0.060710194730813294	0.10309278350515463	0.09507445589919816	0.10882016036655212	0.08934707903780069	0.011454753722794947	0.02176403207331043	0.29209621993127144	0.04925544100801832	0.10423825887743413	0.07216494845360824	0.07560137457044673	0.10194730813287514	0.0	0.06300114547537228	0.012600229095074453	0.04925544100801835	0.12142038946162657	0.12600229095074456	0.11683848797250859	0.10882016036655212	0.7124856815578465	0.6242840778923253	0.8739977090492554	0.6174112256586483	0.08934707903780069	0.0561282932416953	0.09507445589919816	0.07216494845360824	0.046964490263459335	0.053837342497136315	0.24971363115693007	0.017182130584192434	0.11912943871706758	0.09507445589919816	0.07101947308132875	0.10194730813287514	0.09507445589919816	0.06414662084765177	0.018327605956471926	0.060710194730813294	0.11798396334478808	0.09392898052691867	0.09736540664375716	0.08820160366552118	0.043528064146620846	0.061855670103092786	0.07903780068728522	0.05956471935853379	0.09965635738831614	0.07101947308132875	0.10652920962199312	0.08705612829324169	0.041237113402061876	0.1718213058419244	0.3470790378006873	0.041237113402061876	0.1134020618556701	0.1134020618556701	0.22107674684994266	0.1122565864833906	0.08934707903780069	0.08705612829324169	0.07445589919816724	0.038946162657502864	0.12027491408934708	0.1134020618556701	0.09621993127147765	0.11569301260022909	0.09049255441008017	0.10882016036655212	0.011454753722794947	0.0893470790378007	0.040091638029782356	0.021764032073310416	0.09965635738831614	0.08820160366552118	0.3161512027491408	0.17640320733104237	0.1867124856815578	0.10652920962199314	0.11569301260022909	0.10309278350515463	0.10652920962199312	0.10996563573883161	0.10882016036655212	0.07674684994272624	0.06300114547537228	0.06643757159221077	0.12256586483390607	0.1145475372279496	0.10996563573883161	0.09278350515463918
A[T>C]C	0.012600229095074453	0.0034364261168384896	0.03436426116838488	0.002290950744558984	0.040091638029782356	0.03207331042382589	0.04581901489117984	0.02634593356242841	0.07445589919816722	0.08476517754868271	0.3550973654066437	0.013745704467353959	0.041237113402061855	0.00916380297823597	0.012600229095074453	0.038946162657502864	0.06300114547537228	0.0	0.050400916380297825	0.11225658648339062	0.058419243986254296	0.06300114547537228	0.05383734249713631	0.04581901489117984	0.7754868270332188	0.6872852233676976	0.9369988545246277	0.6804123711340205	0.02634593356242841	0.006872852233676979	0.03207331042382589	0.00916380297823597	0.10996563573883161	0.11683848797250859	0.31271477663230235	0.08018327605956471	0.0561282932416953	0.03207331042382589	0.008018327605956471	0.038946162657502864	0.03207331042382589	0.001145475372279492	0.04467353951890035	0.002290950744558984	0.054982817869415807	0.030927835051546393	0.03436426116838488	0.025200458190148912	0.019473081328751432	0.001145475372279492	0.016036655211912942	0.0034364261168384896	0.036655211912943866	0.008018327605956471	0.043528064146620846	0.02405498281786942	0.10423825887743415	0.23482245131729668	0.41008018327605955	0.10423825887743415	0.050400916380297825	0.050400916380297825	0.28407789232531494	0.049255441008018326	0.02634593356242841	0.02405498281786942	0.01145475372279496	0.024054982817869414	0.0572737686139748	0.050400916380297825	0.033218785796105384	0.052691867124856816	0.15349369988545244	0.1718213058419244	0.07445589919816722	0.15234822451317298	0.10309278350515463	0.04123711340206186	0.036655211912943866	0.15120274914089346	0.3791523482245131	0.23940435280641464	0.24971363115693007	0.16953035509736541	0.052691867124856816	0.040091638029782356	0.043528064146620846	0.046964490263459335	0.04581901489117984	0.013745704467353952	0.0	0.0034364261168384896	0.05956471935853379	0.05154639175257732	0.046964490263459335	0.0297823596792669
A[T>C]G	0.03780068728522337	0.046964490263459335	0.08476517754868271	0.04810996563573884	0.09049255441008018	0.08247422680412372	0.09621993127147767	0.07674684994272624	0.0240549828178694	0.03436426116838488	0.3046964490263459	0.036655211912943866	0.09163802978235969	0.059564719358533795	0.06300114547537228	0.08934707903780069	0.012600229095074453	0.050400916380297825	0.0	0.0618556701030928	0.10882016036655212	0.1134020618556701	0.10423825887743414	0.09621993127147767	0.7250859106529209	0.6368843069873997	0.8865979381443299	0.6300114547537227	0.07674684994272624	0.043528064146620846	0.08247422680412372	0.059564719358533795	0.05956471935853379	0.06643757159221077	0.26231386025200454	0.029782359679266887	0.10652920962199312	0.08247422680412372	0.058419243986254296	0.08934707903780069	0.08247422680412372	0.05154639175257732	0.0057273768613974735	0.04810996563573884	0.10538373424971363	0.08132875143184422	0.08476517754868271	0.07560137457044674	0.030927835051546393	0.04925544100801833	0.06643757159221077	0.046964490263459335	0.08705612829324169	0.058419243986254296	0.09392898052691867	0.07445589919816725	0.05383734249713633	0.18442153493699887	0.35967926689576174	0.05383734249713633	0.10080183276059565	0.10080183276059565	0.23367697594501713	0.09965635738831616	0.07674684994272624	0.07445589919816725	0.061855670103092786	0.02634593356242841	0.10767468499427263	0.10080183276059565	0.08361970217640322	0.10309278350515463	0.10309278350515462	0.12142038946162657	0.0240549828178694	0.10194730813287516	0.05269186712485681	0.009163802978235963	0.08705612829324169	0.10080183276059564	0.3287514318442153	0.18900343642611683	0.19931271477663226	0.11912943871706759	0.10309278350515463	0.09049255441008018	0.09392898052691867	0.09736540664375716	0.09621993127147767	0.06414662084765177	0.050400916380297825	0.053837342497136315	0.10996563573883161	0.10194730813287514	0.09736540664375716	0.08018327605956473
A[T>C]T	0.09965635738831617	0.10882016036655213	0.1466208476517755	0.10996563573883164	0.15234822451317298	0.1443298969072165	0.15807560137457047	0.13860252004581902	0.0378006872852234	0.027491408934707917	0.2428407789232531	0.09851088201603667	0.15349369988545247	0.12142038946162659	0.12485681557846508	0.1512027491408935	0.04925544100801835	0.11225658648339062	0.0618556701030928	0.0	0.1706758304696449	0.1752577319587629	0.16609392898052694	0.15807560137457047	0.6632302405498282	0.5750286368843069	0.8247422680412371	0.5681557846506299	0.13860252004581902	0.10538373424971365	0.1443298969072165	0.12142038946162659	0.0022909507445590116	0.004581901489117968	0.20045819014891172	0.03207331042382591	0.16838487972508592	0.1443298969072165	0.1202749140893471	0.1512027491408935	0.1443298969072165	0.11340206185567012	0.06758304696449027	0.10996563573883164	0.16723940435280643	0.14318442153493702	0.1466208476517755	0.13745704467353953	0.09278350515463919	0.11111111111111113	0.12829324169530357	0.10882016036655213	0.1489117983963345	0.1202749140893471	0.15578465063001148	0.13631156930126004	0.008018327605956471	0.12256586483390605	0.2978235967926689	0.008018327605956471	0.16265750286368844	0.16265750286368844	0.17182130584192432	0.16151202749140894	0.13860252004581902	0.13631156930126004	0.12371134020618559	0.08820160366552121	0.16953035509736541	0.16265750286368844	0.145475372279496	0.16494845360824745	0.04123711340206182	0.059564719358533774	0.0378006872852234	0.040091638029782356	0.009163802978235991	0.07101947308132876	0.1489117983963345	0.038946162657502836	0.2668957617411225	0.12714776632302402	0.13745704467353945	0.05727376861397479	0.16494845360824745	0.15234822451317298	0.15578465063001148	0.15922107674684996	0.15807560137457047	0.12600229095074458	0.11225658648339062	0.11569301260022911	0.17182130584192443	0.16380297823596796	0.15922107674684996	0.14203894616265753
