	A[C>A]A	A[C>A]C	A[C>A]G	A[C>A]T	A[C>G]A	A[C>G]C	A[C>G]G	A[C>G]T	A[C>T]A	A[C>T]C	A[C>T]G	A[C>T]T	A[T>A]A	A[T>A]C	A[T>A]G	A[T>A]T	A[T>C]A	A[T>C]C	A[T>C]G	A[T>C]T	A[T>G]A	A[T>G]C	A[T>G]G	A[T>G]T	C[C>A]A	C[C>A]C	C[C>A]G	C[C>A]T	C[C>G]A	C[C>G]C	C[C>G]G	C[C>G]T	C[C>T]A	C[C>T]C	C[C>T]G	C[C>T]T	C[T>A]A	C[T>A]C	C[T>A]G	C[T>A]T	C[T>C]A	C[T>C]C	C[T>C]G	C[T>C]T	C[T>G]A	C[T>G]C	C[T>G]G	C[T>G]T	G[C>A]A	G[C>A]C	G[C>A]G	G[C>A]T	G[C>G]A	G[C>G]C	G[C>G]G	G[C>G]T	G[C>T]A	G[C>T]C	G[C>T]G	G[C>T]T	G[T>A]A	G[T>A]C	G[T>A]G	G[T>A]T	G[T>C]A	G[T>C]C	G[T>C]G	G[T>C]T	G[T>G]A	G[T>G]C	G[T>G]G	G[T>G]T	T[C>A]A	T[C>A]C	T[C>A]G	T[C>A]T	T[C>G]A	T[C>G]C	T[C>G]G	T[C>G]T	T[C>T]A	T[C>T]C	T[C>T]G	T[C>T]T	T[T>A]A	T[T>A]C	T[T>A]G	T[T>A]T	T[T>C]A	T[T>C]C	T[T>C]G	T[T>C]T	T[T>G]A	T[T>G]C	T[T>G]G	T[T>G]T
A[C>A]A	0.0	0.01243781094527363	0.006633499170812605	0.02404643449419569	0.02155887230514096	0.0016583747927031503	0.0033167495854063006	0.01326699834162521	0.03980099502487562	0.053897180762852395	0.41625207296849087	0.032338308457711434	0.02404643449419569	0.01907131011608624	0.01907131011608624	0.01492537313432836	0.02404643449419569	0.02404643449419569	0.04394693200663349	0.03316749585406301	0.01990049751243781	0.0033167495854063006	0.01658374792703151	0.07628524046434494	0.01658374792703151	0.01492537313432836	0.005804311774461023	0.11359867330016583	0.01658374792703151	0.014096185737976785	0.006633499170812605	0.0058043117744610295	0.021558872305140968	0.029021558872305134	0.37728026533996684	0.04477611940298508	0.024875621890547265	0.01990049751243781	0.02072968490878939	0.012437810945273634	0.009121061359867334	0.01824212271973466	0.04394693200663349	0.01824212271973466	0.01990049751243781	0.009950248756218905	0.004145936981757872	0.09950248756218903	0.0016583747927031503	0.008291873963515752	0.01326699834162521	0.02321724709784411	0.02404643449419569	0.01824212271973466	0.01990049751243781	0.006633499170812605	0.05223880597014925	0.14179104477611942	0.4975124378109453	0.11525704809286898	0.02570480928689884	0.01824212271973466	0.02238805970149254	0.02238805970149254	0.029021558872305134	0.03814262023217248	0.029021558872305134	0.059701492537313425	0.02570480928689884	0.01824212271973466	0.02238805970149254	0.009121061359867334	0.14925373134328357	0.05472636815920398	0.007462686567164173	0.9452736318407958	0.050580431177446095	0.01492537313432836	0.010779436152570484	0.07545605306799337	0.08540630182421226	0.13432835820895522	0.972636815920398	0.19485903814262023	0.024875621890547265	0.015754560530679935	0.02736318407960199	0.01990049751243781	0.004145936981757879	0.050580431177446095	0.01492537313432836	0.042288557213930336	0.0008291873963515717	0.009950248756218902	0.01326699834162521	0.27943615257048093
A[C>A]C	0.01243781094527363	0.0	0.019071310116086235	0.011608623548922059	0.03399668325041459	0.014096185737976781	0.00912106135986733	0.02570480928689884	0.02736318407960199	0.041459369817578764	0.40381426202321724	0.019900497512437804	0.03648424543946932	0.03150912106135987	0.03150912106135987	0.02736318407960199	0.011608623548922059	0.011608623548922059	0.03150912106135986	0.020729684908789382	0.03233830845771144	0.00912106135986733	0.02902155887230514	0.06384742951907131	0.004145936981757879	0.002487562189054729	0.006633499170812608	0.1011608623548922	0.02902155887230514	0.026533996683250415	0.019071310116086235	0.01824212271973466	0.009121061359867337	0.016583747927031503	0.3648424543946932	0.03233830845771145	0.03731343283582089	0.03233830845771144	0.03316749585406302	0.024875621890547265	0.021558872305140964	0.0058043117744610295	0.03150912106135986	0.0058043117744610295	0.03233830845771144	0.022388059701492536	0.008291873963515758	0.0870646766169154	0.01077943615257048	0.004145936981757879	0.02570480928689884	0.01077943615257048	0.03648424543946932	0.03067993366500829	0.03233830845771144	0.019071310116086235	0.03980099502487562	0.1293532338308458	0.48507462686567165	0.10281923714759535	0.03814262023217247	0.03067993366500829	0.03482587064676617	0.03482587064676617	0.016583747927031503	0.025704809286898847	0.016583747927031503	0.047263681592039794	0.03814262023217247	0.03067993366500829	0.03482587064676617	0.021558872305140964	0.13681592039800994	0.04228855721393035	0.004975124378109458	0.9328358208955222	0.038142620232172464	0.002487562189054729	0.023217247097844115	0.06301824212271974	0.07296849087893863	0.12189054726368158	0.9601990049751243	0.1824212271973466	0.03731343283582089	0.028192371475953566	0.03980099502487562	0.03233830845771144	0.01658374792703151	0.038142620232172464	0.002487562189054729	0.029850746268656705	0.011608623548922059	0.002487562189054729	0.02570480928689884	0.2669983416252073
A[C>A]G	0.006633499170812605	0.019071310116086235	0.0	0.030679933665008294	0.014925373134328358	0.004975124378109454	0.009950248756218905	0.006633499170812605	0.04643449419568822	0.060530679933664996	0.42288557213930345	0.038971807628524036	0.017412935323383085	0.012437810945273632	0.012437810945273632	0.008291873963515755	0.030679933665008294	0.030679933665008294	0.050580431177446095	0.03980099502487562	0.013266998341625208	0.009950248756218905	0.009950248756218905	0.08291873963515754	0.023217247097844115	0.021558872305140964	0.012437810945273627	0.12023217247097844	0.009950248756218905	0.00746268656716418	0.0	0.0008291873963515752	0.028192371475953572	0.035655058043117735	0.3839137645107794	0.05140961857379768	0.01824212271973466	0.013266998341625208	0.014096185737976783	0.0058043117744610295	0.002487562189054729	0.024875621890547265	0.050580431177446095	0.024875621890547265	0.013266998341625208	0.0033167495854063006	0.010779436152570477	0.10613598673300163	0.008291873963515755	0.014925373134328356	0.006633499170812605	0.029850746268656716	0.017412935323383085	0.011608623548922057	0.013266998341625208	0.0	0.05887230514096185	0.14842454394693202	0.5041459369817579	0.12189054726368158	0.019071310116086235	0.011608623548922057	0.01575456053067993	0.01575456053067993	0.035655058043117735	0.04477611940298508	0.035655058043117735	0.06633499170812603	0.019071310116086235	0.011608623548922057	0.01575456053067993	0.002487562189054729	0.1558872305140962	0.06135986733001658	0.014096185737976778	0.9519071310116085	0.057213930348258696	0.021558872305140964	0.004145936981757879	0.08208955223880597	0.09203980099502486	0.14096185737976782	0.9792703150912107	0.20149253731343286	0.01824212271973466	0.00912106135986733	0.020729684908789386	0.013266998341625208	0.0024875621890547255	0.057213930348258696	0.021558872305140964	0.04892205638474294	0.007462686567164176	0.016583747927031506	0.006633499170812605	0.2860696517412935
A[C>A]T	0.02404643449419569	0.011608623548922059	0.030679933665008294	0.0	0.04560530679933665	0.02570480928689884	0.02072968490878939	0.0373134328358209	0.01575456053067993	0.029850746268656705	0.3922056384742952	0.008291873963515745	0.04809286898839138	0.04311774461028193	0.04311774461028193	0.03897180762852405	0.0	0.0	0.019900497512437804	0.009121061359867323	0.0439469320066335	0.02072968490878939	0.0406301824212272	0.05223880597014925	0.00746268656716418	0.00912106135986733	0.018242122719734667	0.08955223880597014	0.0406301824212272	0.03814262023217248	0.030679933665008294	0.02985074626865672	0.002487562189054722	0.004975124378109444	0.35323383084577115	0.02072968490878939	0.04892205638474295	0.0439469320066335	0.04477611940298508	0.03648424543946932	0.03316749585406302	0.0058043117744610295	0.019900497512437804	0.0058043117744610295	0.0439469320066335	0.03399668325041459	0.019900497512437818	0.07545605306799334	0.02238805970149254	0.01575456053067994	0.0373134328358209	0.0008291873963515786	0.04809286898839138	0.04228855721393035	0.0439469320066335	0.030679933665008294	0.028192371475953562	0.11774461028192372	0.4734660033167496	0.09121061359867329	0.04975124378109453	0.04228855721393035	0.04643449419568823	0.04643449419568823	0.004975124378109444	0.014096185737976788	0.004975124378109444	0.035655058043117735	0.04975124378109453	0.04228855721393035	0.04643449419568823	0.03316749585406302	0.12520729684908788	0.03067993366500829	0.016583747927031517	0.9212271973466002	0.026533996683250405	0.00912106135986733	0.03482587064676618	0.05140961857379768	0.06135986733001657	0.11028192371475952	0.9485903814262023	0.17081260364842454	0.04892205638474295	0.03980099502487562	0.05140961857379768	0.0439469320066335	0.02819237147595357	0.026533996683250405	0.00912106135986733	0.018242122719734646	0.023217247097844118	0.014096185737976788	0.0373134328358209	0.25538971807628524
A[C>G]A	0.02155887230514096	0.03399668325041459	0.014925373134328358	0.04560530679933665	0.0	0.01990049751243781	0.02487562189054726	0.008291873963515753	0.06135986733001658	0.07545605306799336	0.43781094527363185	0.053897180762852395	0.0024875621890547263	0.0024875621890547255	0.0024875621890547255	0.006633499170812603	0.04560530679933665	0.04560530679933665	0.06550580431177445	0.054726368159203974	0.0016583747927031503	0.02487562189054726	0.004975124378109453	0.0978441127694859	0.03814262023217247	0.03648424543946932	0.027363184079601983	0.1351575456053068	0.004975124378109453	0.007462686567164178	0.014925373134328358	0.01575456053067993	0.04311774461028193	0.050580431177446095	0.3988391376451078	0.06633499170812604	0.0033167495854063015	0.0016583747927031503	0.0008291873963515752	0.009121061359867328	0.012437810945273629	0.03980099502487562	0.06550580431177445	0.03980099502487562	0.0016583747927031503	0.011608623548922057	0.025704809286898833	0.12106135986732999	0.02321724709784411	0.029850746268656712	0.008291873963515753	0.04477611940298507	0.0024875621890547263	0.0033167495854063006	0.0016583747927031503	0.014925373134328358	0.07379767827529021	0.16334991708126037	0.5190713101160862	0.13681592039800994	0.0041459369817578775	0.0033167495854063006	0.0008291873963515752	0.0008291873963515752	0.050580431177446095	0.05970149253731344	0.050580431177446095	0.08126036484245439	0.0041459369817578775	0.0033167495854063006	0.0008291873963515752	0.012437810945273629	0.17081260364842454	0.07628524046434494	0.029021558872305134	0.9668325041459368	0.07213930348258706	0.03648424543946932	0.010779436152570479	0.09701492537313433	0.10696517412935322	0.15588723051409617	0.9941956882255389	0.2164179104477612	0.0033167495854063015	0.005804311774461028	0.005804311774461028	0.0016583747927031503	0.01741293532338308	0.07213930348258706	0.03648424543946932	0.0638474295190713	0.022388059701492533	0.03150912106135986	0.008291873963515753	0.3009950248756219
A[C>G]C	0.0016583747927031503	0.014096185737976781	0.004975124378109454	0.02570480928689884	0.01990049751243781	0.0	0.004975124378109451	0.011608623548922059	0.04145936981757877	0.055555555555555546	0.417910447761194	0.033996683250414585	0.02238805970149254	0.01741293532338309	0.01741293532338309	0.01326699834162521	0.02570480928689884	0.02570480928689884	0.045605306799336644	0.03482587064676616	0.01824212271973466	0.004975124378109451	0.01492537313432836	0.0779436152570481	0.01824212271973466	0.01658374792703151	0.007462686567164173	0.11525704809286899	0.01492537313432836	0.012437810945273634	0.004975124378109454	0.004145936981757879	0.023217247097844118	0.030679933665008284	0.37893864013267	0.04643449419568823	0.023217247097844115	0.01824212271973466	0.01907131011608624	0.010779436152570484	0.007462686567164183	0.01990049751243781	0.045605306799336644	0.01990049751243781	0.01824212271973466	0.008291873963515755	0.005804311774461023	0.10116086235489219	0.0033167495854063006	0.009950248756218902	0.011608623548922059	0.02487562189054726	0.02238805970149254	0.01658374792703151	0.01824212271973466	0.004975124378109454	0.0538971807628524	0.14344941956882257	0.49917081260364843	0.11691542288557213	0.02404643449419569	0.01658374792703151	0.02072968490878939	0.02072968490878939	0.030679933665008284	0.03980099502487563	0.030679933665008284	0.061359867330016575	0.02404643449419569	0.01658374792703151	0.02072968490878939	0.007462686567164183	0.15091210613598674	0.05638474295190713	0.009121061359867323	0.946932006633499	0.052238805970149245	0.01658374792703151	0.009121061359867334	0.07711442786069653	0.08706467661691542	0.13598673300165837	0.9742951907131011	0.1965174129353234	0.023217247097844115	0.014096185737976785	0.02570480928689884	0.01824212271973466	0.002487562189054729	0.052238805970149245	0.01658374792703151	0.043946932006633486	0.002487562189054722	0.011608623548922052	0.011608623548922059	0.2810945273631841
A[C>G]G	0.0033167495854063006	0.00912106135986733	0.009950248756218905	0.02072968490878939	0.02487562189054726	0.004975124378109451	0.0	0.01658374792703151	0.03648424543946932	0.050580431177446095	0.4129353233830846	0.029021558872305134	0.02736318407960199	0.02238805970149254	0.02238805970149254	0.01824212271973466	0.02072968490878939	0.02072968490878939	0.04063018242122719	0.029850746268656712	0.02321724709784411	0.0	0.01990049751243781	0.07296849087893864	0.01326699834162521	0.011608623548922059	0.002487562189054722	0.11028192371475953	0.01990049751243781	0.017412935323383085	0.009950248756218905	0.00912106135986733	0.018242122719734667	0.025704809286898833	0.37396351575456055	0.04145936981757878	0.028192371475953566	0.02321724709784411	0.02404643449419569	0.015754560530679935	0.012437810945273634	0.01492537313432836	0.04063018242122719	0.01492537313432836	0.02321724709784411	0.013266998341625206	0.0008291873963515717	0.09618573797678273	0.0016583747927031503	0.004975124378109451	0.01658374792703151	0.01990049751243781	0.02736318407960199	0.02155887230514096	0.02321724709784411	0.009950248756218905	0.04892205638474295	0.1384742951907131	0.49419568822553894	0.11194029850746268	0.02902155887230514	0.02155887230514096	0.02570480928689884	0.02570480928689884	0.025704809286898833	0.03482587064676618	0.025704809286898833	0.056384742951907124	0.02902155887230514	0.02155887230514096	0.02570480928689884	0.012437810945273634	0.14593698175787728	0.05140961857379768	0.004145936981757872	0.9419568822553895	0.047263681592039794	0.011608623548922059	0.014096185737976785	0.07213930348258707	0.08208955223880596	0.1310116086235489	0.9693200663349917	0.19154228855721395	0.028192371475953566	0.019071310116086235	0.03067993366500829	0.02321724709784411	0.00746268656716418	0.047263681592039794	0.011608623548922059	0.038971807628524036	0.002487562189054729	0.006633499170812601	0.01658374792703151	0.27611940298507465
A[C>G]T	0.01326699834162521	0.02570480928689884	0.006633499170812605	0.0373134328358209	0.008291873963515753	0.011608623548922059	0.01658374792703151	0.0	0.05306799336650083	0.06716417910447761	0.4295190713101161	0.045605306799336644	0.01077943615257048	0.005804311774461028	0.005804311774461028	0.0016583747927031503	0.0373134328358209	0.0373134328358209	0.0572139303482587	0.04643449419568822	0.006633499170812603	0.01658374792703151	0.0033167495854063006	0.08955223880597016	0.02985074626865672	0.02819237147595357	0.019071310116086232	0.12686567164179105	0.0033167495854063006	0.0008291873963515752	0.006633499170812605	0.00746268656716418	0.03482587064676618	0.04228855721393034	0.39054726368159204	0.05804311774461029	0.011608623548922056	0.006633499170812603	0.007462686567164178	0.0008291873963515752	0.004145936981757876	0.03150912106135987	0.0572139303482587	0.03150912106135987	0.006633499170812603	0.003316749585406304	0.01741293532338308	0.11276948590381425	0.01492537313432836	0.02155887230514096	0.0	0.03648424543946932	0.01077943615257048	0.004975124378109453	0.006633499170812603	0.006633499170812605	0.06550580431177447	0.15505804311774463	0.5107794361525705	0.1285240464344942	0.01243781094527363	0.004975124378109453	0.009121061359867328	0.009121061359867328	0.04228855721393034	0.05140961857379769	0.04228855721393034	0.07296849087893864	0.01243781094527363	0.004975124378109453	0.009121061359867328	0.004145936981757876	0.1625207296849088	0.06799336650082918	0.020729684908789382	0.9585406301824211	0.0638474295190713	0.02819237147595357	0.0024875621890547255	0.08872305140961859	0.09867330016583747	0.14759535655058043	0.9859038142620232	0.20812603648424546	0.011608623548922056	0.0024875621890547255	0.014096185737976781	0.006633499170812603	0.00912106135986733	0.0638474295190713	0.02819237147595357	0.055555555555555546	0.014096185737976781	0.02321724709784411	0.0	0.29270315091210614
A[C>T]A	0.03980099502487562	0.02736318407960199	0.04643449419568822	0.01575456053067993	0.06135986733001658	0.04145936981757877	0.03648424543946932	0.05306799336650083	0.0	0.014096185737976774	0.3764510779436152	0.007462686567164187	0.06384742951907131	0.05887230514096186	0.05887230514096186	0.05472636815920398	0.01575456053067993	0.01575456053067993	0.004145936981757872	0.006633499170812608	0.05970149253731343	0.03648424543946932	0.05638474295190713	0.03648424543946932	0.02321724709784411	0.02487562189054726	0.0339966832504146	0.07379767827529021	0.05638474295190713	0.05389718076285241	0.04643449419568822	0.04560530679933665	0.018242122719734653	0.010779436152570487	0.3374792703150912	0.004975124378109458	0.06467661691542288	0.05970149253731343	0.06053067993366501	0.05223880597014925	0.04892205638474295	0.02155887230514096	0.004145936981757872	0.02155887230514096	0.05970149253731343	0.04975124378109452	0.03565505804311775	0.05970149253731341	0.03814262023217247	0.03150912106135987	0.05306799336650083	0.01658374792703151	0.06384742951907131	0.05804311774461028	0.05970149253731343	0.04643449419568822	0.01243781094527363	0.10199004975124379	0.4577114427860697	0.07545605306799336	0.06550580431177445	0.05804311774461028	0.06218905472636816	0.06218905472636816	0.010779436152570487	0.0016583747927031434	0.010779436152570487	0.019900497512437804	0.06550580431177445	0.05804311774461028	0.06218905472636816	0.04892205638474295	0.10945273631840796	0.01492537313432836	0.03233830845771145	0.9054726368159203	0.010779436152570473	0.02487562189054726	0.05058043117744611	0.03565505804311775	0.04560530679933664	0.09452736318407959	0.9328358208955224	0.15505804311774463	0.06467661691542288	0.05555555555555555	0.06716417910447761	0.05970149253731343	0.0439469320066335	0.010779436152570473	0.02487562189054726	0.002487562189054715	0.03897180762852405	0.02985074626865672	0.05306799336650083	0.2396351575456053
A[C>T]C	0.053897180762852395	0.041459369817578764	0.060530679933664996	0.029850746268656705	0.07545605306799336	0.055555555555555546	0.050580431177446095	0.06716417910447761	0.014096185737976774	0.0	0.36235489220563843	0.02155887230514096	0.07794361525704809	0.07296849087893863	0.07296849087893863	0.06882255389718075	0.029850746268656705	0.029850746268656705	0.009950248756218902	0.020729684908789382	0.07379767827529021	0.050580431177446095	0.0704809286898839	0.022388059701492546	0.037313432835820885	0.038971807628524036	0.04809286898839137	0.05970149253731344	0.0704809286898839	0.06799336650082918	0.060530679933664996	0.059701492537313425	0.03233830845771143	0.02487562189054726	0.3233830845771144	0.009121061359867316	0.07877280265339966	0.07379767827529021	0.07462686567164178	0.06633499170812603	0.06301824212271973	0.035655058043117735	0.009950248756218902	0.035655058043117735	0.07379767827529021	0.0638474295190713	0.04975124378109452	0.04560530679933664	0.052238805970149245	0.045605306799336644	0.06716417910447761	0.030679933665008284	0.07794361525704809	0.07213930348258706	0.07379767827529021	0.060530679933664996	0.0016583747927031434	0.08789386401326701	0.4436152570480929	0.06135986733001658	0.07960199004975123	0.07213930348258706	0.07628524046434493	0.07628524046434493	0.02487562189054726	0.015754560530679917	0.02487562189054726	0.0058043117744610295	0.07960199004975123	0.07213930348258706	0.07628524046434493	0.06301824212271973	0.09535655058043119	0.0008291873963515856	0.04643449419568822	0.8913764510779435	0.0033167495854063006	0.038971807628524036	0.06467661691542288	0.021558872305140975	0.03150912106135986	0.08043117744610281	0.9187396351575456	0.14096185737976785	0.07877280265339966	0.06965174129353233	0.08126036484245439	0.07379767827529021	0.058043117744610274	0.0033167495854063006	0.038971807628524036	0.011608623548922059	0.053067993366500824	0.04394693200663349	0.06716417910447761	0.22553897180762852
A[C>T]G	0.41625207296849087	0.40381426202321724	0.42288557213930345	0.3922056384742952	0.43781094527363185	0.417910447761194	0.4129353233830846	0.4295190713101161	0.3764510779436152	0.36235489220563843	0.0	0.3839137645107794	0.44029850746268656	0.4353233830845771	0.4353233830845771	0.4311774461028192	0.3922056384742952	0.3922056384742952	0.37230514096185735	0.38308457711442784	0.43615257048092865	0.4129353233830846	0.43283582089552236	0.33996683250414594	0.3996683250414593	0.40132669983416247	0.4104477611940298	0.30265339966832505	0.43283582089552236	0.43034825870646765	0.42288557213930345	0.4220563847429519	0.3946932006633499	0.3872305140961857	0.038971807628524036	0.3714759535655058	0.44112769485903813	0.43615257048092865	0.4369817578772802	0.4286898839137645	0.4253731343283582	0.3980099502487562	0.37230514096185735	0.3980099502487562	0.43615257048092865	0.4262023217247098	0.41210613598673296	0.3167495854063018	0.41459369817578773	0.4079601990049751	0.4295190713101161	0.39303482587064675	0.44029850746268656	0.4344941956882255	0.43615257048092865	0.42288557213930345	0.3640132669983416	0.27446102819237145	0.08126036484245441	0.3009950248756219	0.4419568822553897	0.4344941956882255	0.4386401326699834	0.4386401326699834	0.3872305140961857	0.37810945273631835	0.3872305140961857	0.35655058043117743	0.4419568822553897	0.4344941956882255	0.4386401326699834	0.4253731343283582	0.2669983416252073	0.36152570480928686	0.40878938640132667	0.5290215588723051	0.3656716417910448	0.40132669983416247	0.42703150912106136	0.34079601990049746	0.3308457711442786	0.28192371475953565	0.5563847429519071	0.2213930348258706	0.44112769485903813	0.4320066334991708	0.44361525704809285	0.43615257048092865	0.42039800995024873	0.3656716417910448	0.40132669983416247	0.37396351575456055	0.4154228855721393	0.40630182421227196	0.4295190713101161	0.13681592039800994
A[C>T]T	0.032338308457711434	0.019900497512437804	0.038971807628524036	0.008291873963515745	0.053897180762852395	0.033996683250414585	0.029021558872305134	0.045605306799336644	0.007462686567164187	0.02155887230514096	0.3839137645107794	0.0	0.056384742951907124	0.05140961857379767	0.05140961857379767	0.047263681592039794	0.008291873963515745	0.008291873963515745	0.011608623548922059	0.0008291873963515786	0.052238805970149245	0.029021558872305134	0.048922056384742944	0.04394693200663351	0.015754560530679924	0.017412935323383075	0.026533996683250412	0.0812603648424544	0.048922056384742944	0.04643449419568822	0.038971807628524036	0.038142620232172464	0.010779436152570467	0.0033167495854063006	0.3449419568822554	0.012437810945273645	0.057213930348258696	0.052238805970149245	0.053067993366500824	0.044776119402985065	0.041459369817578764	0.014096185737976774	0.011608623548922059	0.014096185737976774	0.052238805970149245	0.042288557213930336	0.028192371475953562	0.0671641791044776	0.030679933665008284	0.024046434494195683	0.045605306799336644	0.009121061359867323	0.056384742951907124	0.050580431177446095	0.052238805970149245	0.038971807628524036	0.019900497512437818	0.10945273631840798	0.4651741293532338	0.08291873963515754	0.058043117744610274	0.050580431177446095	0.054726368159203974	0.054726368159203974	0.0033167495854063006	0.005804311774461043	0.0033167495854063006	0.02736318407960199	0.058043117744610274	0.050580431177446095	0.054726368159203974	0.041459369817578764	0.11691542288557215	0.022388059701492546	0.02487562189054726	0.9129353233830845	0.01824212271973466	0.017412935323383075	0.04311774461028192	0.043117744610281936	0.053067993366500824	0.10199004975124377	0.9402985074626866	0.16252072968490883	0.057213930348258696	0.048092868988391366	0.059701492537313425	0.052238805970149245	0.036484245439469314	0.01824212271973466	0.017412935323383075	0.009950248756218902	0.03150912106135986	0.022388059701492533	0.045605306799336644	0.24709784411276947
A[T>A]A	0.02404643449419569	0.03648424543946932	0.017412935323383085	0.04809286898839138	0.0024875621890547263	0.02238805970149254	0.02736318407960199	0.01077943615257048	0.06384742951907131	0.07794361525704809	0.44029850746268656	0.056384742951907124	0.0	0.004975124378109452	0.004975124378109452	0.00912106135986733	0.04809286898839138	0.04809286898839138	0.06799336650082918	0.0572139303482587	0.004145936981757877	0.02736318407960199	0.007462686567164179	0.10033167495854063	0.0406301824212272	0.03897180762852405	0.029850746268656712	0.1376451077943615	0.007462686567164179	0.009950248756218905	0.017412935323383085	0.01824212271973466	0.04560530679933666	0.053067993366500824	0.4013266998341625	0.06882255389718077	0.0008291873963515752	0.004145936981757877	0.0033167495854063015	0.011608623548922056	0.014925373134328356	0.04228855721393035	0.06799336650082918	0.04228855721393035	0.004145936981757877	0.014096185737976785	0.028192371475953562	0.12354892205638472	0.02570480928689884	0.03233830845771144	0.01077943615257048	0.0472636815920398	0.0	0.005804311774461027	0.004145936981757877	0.017412935323383085	0.07628524046434494	0.16583747927031509	0.521558872305141	0.13930348258706465	0.0016583747927031507	0.005804311774461027	0.0016583747927031512	0.0016583747927031512	0.053067993366500824	0.06218905472636817	0.053067993366500824	0.08374792703150911	0.0016583747927031507	0.005804311774461027	0.0016583747927031512	0.014925373134328356	0.17330016583747926	0.07877280265339967	0.03150912106135986	0.9693200663349916	0.07462686567164178	0.03897180762852405	0.013266998341625206	0.09950248756218906	0.10945273631840795	0.15837479270315089	0.9966832504145937	0.21890547263681592	0.0008291873963515752	0.008291873963515755	0.0033167495854063015	0.004145936981757877	0.01990049751243781	0.07462686567164178	0.03897180762852405	0.06633499170812603	0.02487562189054726	0.03399668325041459	0.01077943615257048	0.3034825870646766
A[T>A]C	0.01907131011608624	0.03150912106135987	0.012437810945273632	0.04311774461028193	0.0024875621890547255	0.01741293532338309	0.02238805970149254	0.005804311774461028	0.05887230514096186	0.07296849087893863	0.4353233830845771	0.05140961857379767	0.004975124378109452	0.0	0.0	0.0041459369817578775	0.04311774461028193	0.04311774461028193	0.06301824212271973	0.05223880597014925	0.0008291873963515752	0.02238805970149254	0.002487562189054727	0.09535655058043117	0.03565505804311775	0.0339966832504146	0.02487562189054726	0.13266998341625208	0.002487562189054727	0.004975124378109453	0.012437810945273632	0.013266998341625208	0.04063018242122721	0.04809286898839137	0.39635157545605304	0.06384742951907131	0.005804311774461027	0.0008291873963515752	0.0016583747927031503	0.006633499170812603	0.009950248756218904	0.0373134328358209	0.06301824212271973	0.0373134328358209	0.0008291873963515752	0.009121061359867332	0.02321724709784411	0.11857379767827526	0.02072968490878939	0.02736318407960199	0.005804311774461028	0.04228855721393035	0.004975124378109452	0.0008291873963515752	0.0008291873963515752	0.012437810945273632	0.07131011608623548	0.16086235489220566	0.5165837479270315	0.13432835820895522	0.006633499170812603	0.0008291873963515752	0.0033167495854063006	0.0033167495854063006	0.04809286898839137	0.05721393034825872	0.04809286898839137	0.07877280265339966	0.006633499170812603	0.0008291873963515752	0.0033167495854063006	0.009950248756218904	0.16832504145936983	0.07379767827529021	0.026533996683250412	0.9643449419568821	0.06965174129353233	0.0339966832504146	0.008291873963515753	0.0945273631840796	0.10447761194029849	0.15339966832504145	0.9917081260364843	0.2139303482587065	0.005804311774461027	0.0033167495854063023	0.008291873963515753	0.0008291873963515752	0.014925373134328358	0.06965174129353233	0.0339966832504146	0.061359867330016575	0.01990049751243781	0.02902155887230514	0.005804311774461028	0.29850746268656714
A[T>A]G	0.01907131011608624	0.03150912106135987	0.012437810945273632	0.04311774461028193	0.0024875621890547255	0.01741293532338309	0.02238805970149254	0.005804311774461028	0.05887230514096186	0.07296849087893863	0.4353233830845771	0.05140961857379767	0.004975124378109452	0.0	0.0	0.0041459369817578775	0.04311774461028193	0.04311774461028193	0.06301824212271973	0.05223880597014925	0.0008291873963515752	0.02238805970149254	0.002487562189054727	0.09535655058043117	0.03565505804311775	0.0339966832504146	0.02487562189054726	0.13266998341625208	0.002487562189054727	0.004975124378109453	0.012437810945273632	0.013266998341625208	0.04063018242122721	0.04809286898839137	0.39635157545605304	0.06384742951907131	0.005804311774461027	0.0008291873963515752	0.0016583747927031503	0.006633499170812603	0.009950248756218904	0.0373134328358209	0.06301824212271973	0.0373134328358209	0.0008291873963515752	0.009121061359867332	0.02321724709784411	0.11857379767827526	0.02072968490878939	0.02736318407960199	0.005804311774461028	0.04228855721393035	0.004975124378109452	0.0008291873963515752	0.0008291873963515752	0.012437810945273632	0.07131011608623548	0.16086235489220566	0.5165837479270315	0.13432835820895522	0.006633499170812603	0.0008291873963515752	0.0033167495854063006	0.0033167495854063006	0.04809286898839137	0.05721393034825872	0.04809286898839137	0.07877280265339966	0.006633499170812603	0.0008291873963515752	0.0033167495854063006	0.009950248756218904	0.16832504145936983	0.07379767827529021	0.026533996683250412	0.9643449419568821	0.06965174129353233	0.0339966832504146	0.008291873963515753	0.0945273631840796	0.10447761194029849	0.15339966832504145	0.9917081260364843	0.2139303482587065	0.005804311774461027	0.0033167495854063023	0.008291873963515753	0.0008291873963515752	0.014925373134328358	0.06965174129353233	0.0339966832504146	0.061359867330016575	0.01990049751243781	0.02902155887230514	0.005804311774461028	0.29850746268656714
A[T>A]T	0.01492537313432836	0.02736318407960199	0.008291873963515755	0.03897180762852405	0.006633499170812603	0.01326699834162521	0.01824212271973466	0.0016583747927031503	0.05472636815920398	0.06882255389718075	0.4311774461028192	0.047263681592039794	0.00912106135986733	0.0041459369817578775	0.0041459369817578775	0.0	0.03897180762852405	0.03897180762852405	0.05887230514096185	0.04809286898839137	0.004975124378109453	0.01824212271973466	0.0016583747927031503	0.0912106135986733	0.03150912106135987	0.02985074626865672	0.020729684908789382	0.1285240464344942	0.0016583747927031503	0.0008291873963515752	0.008291873963515755	0.00912106135986733	0.03648424543946933	0.04394693200663349	0.3922056384742952	0.05970149253731344	0.009950248756218905	0.004975124378109453	0.005804311774461028	0.0024875621890547255	0.005804311774461026	0.03316749585406302	0.05887230514096185	0.03316749585406302	0.004975124378109453	0.004975124378109454	0.019071310116086232	0.11442786069651739	0.01658374792703151	0.02321724709784411	0.0016583747927031503	0.03814262023217247	0.00912106135986733	0.0033167495854063023	0.004975124378109453	0.008291873963515755	0.06716417910447761	0.15671641791044777	0.5124378109452736	0.13018242122719734	0.01077943615257048	0.0033167495854063023	0.007462686567164178	0.007462686567164178	0.04394693200663349	0.05306799336650084	0.04394693200663349	0.07462686567164178	0.01077943615257048	0.0033167495854063023	0.007462686567164178	0.005804311774461026	0.16417910447761194	0.06965174129353234	0.022388059701492533	0.9601990049751242	0.06550580431177445	0.02985074626865672	0.004145936981757876	0.09038142620232173	0.10033167495854062	0.14925373134328357	0.9875621890547264	0.2097844112769486	0.009950248756218905	0.0008291873963515752	0.01243781094527363	0.004975124378109453	0.01077943615257048	0.06550580431177445	0.02985074626865672	0.057213930348258696	0.01575456053067993	0.02487562189054726	0.0016583747927031503	0.2943615257048093
A[T>C]A	0.02404643449419569	0.011608623548922059	0.030679933665008294	0.0	0.04560530679933665	0.02570480928689884	0.02072968490878939	0.0373134328358209	0.01575456053067993	0.029850746268656705	0.3922056384742952	0.008291873963515745	0.04809286898839138	0.04311774461028193	0.04311774461028193	0.03897180762852405	0.0	0.0	0.019900497512437804	0.009121061359867323	0.0439469320066335	0.02072968490878939	0.0406301824212272	0.05223880597014925	0.00746268656716418	0.00912106135986733	0.018242122719734667	0.08955223880597014	0.0406301824212272	0.03814262023217248	0.030679933665008294	0.02985074626865672	0.002487562189054722	0.004975124378109444	0.35323383084577115	0.02072968490878939	0.04892205638474295	0.0439469320066335	0.04477611940298508	0.03648424543946932	0.03316749585406302	0.0058043117744610295	0.019900497512437804	0.0058043117744610295	0.0439469320066335	0.03399668325041459	0.019900497512437818	0.07545605306799334	0.02238805970149254	0.01575456053067994	0.0373134328358209	0.0008291873963515786	0.04809286898839138	0.04228855721393035	0.0439469320066335	0.030679933665008294	0.028192371475953562	0.11774461028192372	0.4734660033167496	0.09121061359867329	0.04975124378109453	0.04228855721393035	0.04643449419568823	0.04643449419568823	0.004975124378109444	0.014096185737976788	0.004975124378109444	0.035655058043117735	0.04975124378109453	0.04228855721393035	0.04643449419568823	0.03316749585406302	0.12520729684908788	0.03067993366500829	0.016583747927031517	0.9212271973466002	0.026533996683250405	0.00912106135986733	0.03482587064676618	0.05140961857379768	0.06135986733001657	0.11028192371475952	0.9485903814262023	0.17081260364842454	0.04892205638474295	0.03980099502487562	0.05140961857379768	0.0439469320066335	0.02819237147595357	0.026533996683250405	0.00912106135986733	0.018242122719734646	0.023217247097844118	0.014096185737976788	0.0373134328358209	0.25538971807628524
A[T>C]C	0.02404643449419569	0.011608623548922059	0.030679933665008294	0.0	0.04560530679933665	0.02570480928689884	0.02072968490878939	0.0373134328358209	0.01575456053067993	0.029850746268656705	0.3922056384742952	0.008291873963515745	0.04809286898839138	0.04311774461028193	0.04311774461028193	0.03897180762852405	0.0	0.0	0.019900497512437804	0.009121061359867323	0.0439469320066335	0.02072968490878939	0.0406301824212272	0.05223880597014925	0.00746268656716418	0.00912106135986733	0.018242122719734667	0.08955223880597014	0.0406301824212272	0.03814262023217248	0.030679933665008294	0.02985074626865672	0.002487562189054722	0.004975124378109444	0.35323383084577115	0.02072968490878939	0.04892205638474295	0.0439469320066335	0.04477611940298508	0.03648424543946932	0.03316749585406302	0.0058043117744610295	0.019900497512437804	0.0058043117744610295	0.0439469320066335	0.03399668325041459	0.019900497512437818	0.07545605306799334	0.02238805970149254	0.01575456053067994	0.0373134328358209	0.0008291873963515786	0.04809286898839138	0.04228855721393035	0.0439469320066335	0.030679933665008294	0.028192371475953562	0.11774461028192372	0.4734660033167496	0.09121061359867329	0.04975124378109453	0.04228855721393035	0.04643449419568823	0.04643449419568823	0.004975124378109444	0.014096185737976788	0.004975124378109444	0.035655058043117735	0.04975124378109453	0.04228855721393035	0.04643449419568823	0.03316749585406302	0.12520729684908788	0.03067993366500829	0.016583747927031517	0.9212271973466002	0.026533996683250405	0.00912106135986733	0.03482587064676618	0.05140961857379768	0.06135986733001657	0.11028192371475952	0.9485903814262023	0.17081260364842454	0.04892205638474295	0.03980099502487562	0.05140961857379768	0.0439469320066335	0.02819237147595357	0.026533996683250405	0.00912106135986733	0.018242122719734646	0.023217247097844118	0.014096185737976788	0.0373134328358209	0.25538971807628524
A[T>C]G	0.04394693200663349	0.03150912106135986	0.050580431177446095	0.019900497512437804	0.06550580431177445	0.045605306799336644	0.04063018242122719	0.0572139303482587	0.004145936981757872	0.009950248756218902	0.37230514096185735	0.011608623548922059	0.06799336650082918	0.06301824212271973	0.06301824212271973	0.05887230514096185	0.019900497512437804	0.019900497512437804	0.0	0.01077943615257048	0.06384742951907131	0.04063018242122719	0.060530679933665	0.03233830845771145	0.027363184079601983	0.029021558872305134	0.03814262023217247	0.06965174129353234	0.060530679933665	0.05804311774461028	0.050580431177446095	0.04975124378109452	0.022388059701492526	0.01492537313432836	0.3333333333333333	0.0008291873963515856	0.06882255389718075	0.06384742951907131	0.06467661691542288	0.056384742951907124	0.053067993366500824	0.025704809286898833	0.0	0.025704809286898833	0.06384742951907131	0.053897180762852395	0.03980099502487562	0.05555555555555554	0.04228855721393034	0.03565505804311774	0.0572139303482587	0.020729684908789382	0.06799336650082918	0.062189054726368154	0.06384742951907131	0.050580431177446095	0.008291873963515758	0.09784411276948592	0.45356550580431176	0.07131011608623548	0.06965174129353233	0.062189054726368154	0.06633499170812603	0.06633499170812603	0.01492537313432836	0.005804311774461016	0.01492537313432836	0.01575456053067993	0.06965174129353233	0.062189054726368154	0.06633499170812603	0.053067993366500824	0.10530679933665009	0.010779436152570487	0.03648424543946932	0.9013266998341624	0.006633499170812601	0.029021558872305134	0.05472636815920398	0.03150912106135988	0.041459369817578764	0.09038142620232172	0.9286898839137645	0.15091210613598677	0.06882255389718075	0.059701492537313425	0.07131011608623548	0.06384742951907131	0.04809286898839137	0.006633499170812601	0.029021558872305134	0.0016583747927031572	0.04311774461028192	0.03399668325041459	0.0572139303482587	0.2354892205638474
A[T>C]T	0.03316749585406301	0.020729684908789382	0.03980099502487562	0.009121061359867323	0.054726368159203974	0.03482587064676616	0.029850746268656712	0.04643449419568822	0.006633499170812608	0.020729684908789382	0.38308457711442784	0.0008291873963515786	0.0572139303482587	0.05223880597014925	0.05223880597014925	0.04809286898839137	0.009121061359867323	0.009121061359867323	0.01077943615257048	0.0	0.053067993366500824	0.029850746268656712	0.04975124378109452	0.04311774461028193	0.016583747927031503	0.018242122719734653	0.02736318407960199	0.08043117744610281	0.04975124378109452	0.047263681592039794	0.03980099502487562	0.03897180762852404	0.011608623548922045	0.004145936981757879	0.3441127694859038	0.011608623548922066	0.058043117744610274	0.053067993366500824	0.0538971807628524	0.04560530679933665	0.04228855721393035	0.014925373134328353	0.01077943615257048	0.014925373134328353	0.053067993366500824	0.04311774461028192	0.02902155887230514	0.06633499170812601	0.03150912106135986	0.02487562189054726	0.04643449419568822	0.009950248756218902	0.0572139303482587	0.05140961857379767	0.053067993366500824	0.03980099502487562	0.01907131011608624	0.10862354892205639	0.46434494195688225	0.08208955223880596	0.05887230514096185	0.05140961857379767	0.05555555555555555	0.05555555555555555	0.004145936981757879	0.004975124378109465	0.004145936981757879	0.026533996683250412	0.05887230514096185	0.05140961857379767	0.05555555555555555	0.04228855721393035	0.11608623548922056	0.021558872305140968	0.02570480928689884	0.9121061359867328	0.01741293532338308	0.018242122719734653	0.04394693200663349	0.04228855721393036	0.052238805970149245	0.10116086235489219	0.939469320066335	0.16169154228855723	0.058043117744610274	0.04892205638474295	0.060530679933665	0.053067993366500824	0.03731343283582089	0.01741293532338308	0.018242122719734653	0.009121061359867323	0.03233830845771144	0.02321724709784411	0.04643449419568822	0.2462686567164179
