	A[C>A]A	A[C>A]C	A[C>A]G	A[C>A]T	A[C>G]A	A[C>G]C	A[C>G]G	A[C>G]T	A[C>T]A	A[C>T]C	A[C>T]G	A[C>T]T	A[T>A]A	A[T>A]C	A[T>A]G	A[T>A]T	A[T>C]A	A[T>C]C	A[T>C]G	A[T>C]T	A[T>G]A	A[T>G]C	A[T>G]G	A[T>G]T	C[C>A]A	C[C>A]C	C[C>A]G	C[C>A]T	C[C>G]A	C[C>G]C	C[C>G]G	C[C>G]T	C[C>T]A	C[C>T]C	C[C>T]G	C[C>T]T	C[T>A]A	C[T>A]C	C[T>A]G	C[T>A]T	C[T>C]A	C[T>C]C	C[T>C]G	C[T>C]T	C[T>G]A	C[T>G]C	C[T>G]G	C[T>G]T	G[C>A]A	G[C>A]C	G[C>A]G	G[C>A]T	G[C>G]A	G[C>G]C	G[C>G]G	G[C>G]T	G[C>T]A	G[C>T]C	G[C>T]G	G[C>T]T	G[T>A]A	G[T>A]C	G[T>A]G	G[T>A]T	G[T>C]A	G[T>C]C	G[T>C]G	G[T>C]T	G[T>G]A	G[T>G]C	G[T>G]G	G[T>G]T	T[C>A]A	T[C>A]C	T[C>A]G	T[C>A]T	T[C>G]A	T[C>G]C	T[C>G]G	T[C>G]T	T[C>T]A	T[C>T]C	T[C>T]G	T[C>T]T	T[T>A]A	T[T>A]C	T[T>A]G	T[T>A]T	T[T>C]A	T[T>C]C	T[T>C]G	T[T>C]T	T[T>G]A	T[T>G]C	T[T>G]G	T[T>G]T
A[C>A]A	0.0	0.021897810218978117	0.07481751824817519	0.02919708029197081	0.07071167883211679	0.08302919708029197	0.10218978102189781	0.07755474452554745	0.012773722627737225	0.036496350364963515	0.45209854014598544	0.010492700729927015	0.08713503649635038	0.08211678832116788	0.0770985401459854	0.07116788321167884	0.04288321167883212	0.07801094890510948	0.050182481751824826	0.03695255474452555	0.10583941605839417	0.10218978102189781	0.09215328467153286	0.10583941605839417	0.027828467153284686	0.010036496350364979	0.04835766423357665	0.04790145985401459	0.08302919708029197	0.0812043795620438	0.09534671532846715	0.052463503649635035	0.1802007299270073	0.3462591240875912	0.43886861313868614	0.2687043795620438	0.0958029197080292	0.07253649635036497	0.0666058394160584	0.08074817518248176	0.08531021897810219	0.03056569343065693	0.03056569343065693	0.02645985401459855	0.11131386861313869	0.0958029197080292	0.07937956204379562	0.08166058394160584	0.29151459854014594	0.4187956204379562	0.04790145985401459	0.8886861313868613	0.0885036496350365	0.08257299270072993	0.10264598540145986	0.07846715328467153	0.01916058394160583	0.12773722627737225	0.5082116788321167	0.04516423357664234	0.09397810218978103	0.08713503649635038	0.08257299270072993	0.09124087591240876	0.05885036496350366	0.06432481751824817	0.049726277372262775	0.03512773722627738	0.11131386861313869	0.10857664233576643	0.08987226277372262	0.0989963503649635	0.0031934306569342957	0.00364963503649636	0.06614963503649635	0.029197080291970795	0.041514598540146	0.04835766423357665	0.1031021897810219	0.03239051094890513	0.27828467153284675	0.7358576642335766	0.37408759124087587	0.30702554744525545	0.062043795620437964	0.07937956204379562	0.08987226277372262	0.0666058394160584	0.07071167883211679	0.041514598540146	0.06751824817518248	0.056113138686131395	0.10401459854014598	0.0958029197080292	0.0926094890510949	0.07664233576642335
A[C>A]C	0.021897810218978117	0.0	0.05291970802919707	0.007299270072992692	0.04881386861313868	0.06113138686131385	0.0802919708029197	0.05565693430656934	0.03467153284671534	0.05839416058394163	0.47399635036496357	0.011405109489051102	0.06523722627737225	0.06021897810218976	0.05520072992700728	0.049270072992700725	0.020985401459854003	0.056113138686131374	0.02828467153284671	0.015054744525547434	0.08394160583941605	0.0802919708029197	0.07025547445255473	0.08394160583941605	0.0497262773722628	0.031934306569343096	0.026459854014598536	0.0697992700729927	0.06113138686131385	0.05930656934306568	0.07344890510948904	0.030565693430656918	0.20209854014598544	0.3681569343065693	0.46076642335766427	0.2906021897810219	0.07390510948905109	0.05063868613138685	0.04470802919708028	0.05885036496350364	0.06341240875912407	0.008667883211678815	0.008667883211678815	0.004562043795620432	0.08941605839416057	0.07390510948905109	0.057481751824817504	0.05976277372262773	0.3134124087591241	0.44069343065693434	0.0697992700729927	0.9105839416058394	0.06660583941605838	0.06067518248175181	0.08074817518248174	0.05656934306569342	0.04105839416058395	0.14963503649635035	0.5301094890510949	0.06706204379562046	0.0720802919708029	0.06523722627737225	0.06067518248175181	0.06934306569343064	0.036952554744525544	0.042427007299270056	0.02782846715328466	0.01322992700729926	0.08941605839416057	0.08667883211678831	0.06797445255474452	0.07709854014598538	0.01870437956204382	0.025547445255474477	0.044251824817518236	0.05109489051094891	0.01961678832116788	0.026459854014598536	0.08120437956204378	0.05428832116788325	0.3001824817518249	0.7577554744525548	0.395985401459854	0.3289233576642336	0.04014598540145985	0.057481751824817504	0.06797445255474452	0.04470802919708028	0.04881386861313868	0.01961678832116788	0.045620437956204365	0.03421532846715328	0.08211678832116787	0.07390510948905109	0.07071167883211678	0.05474452554744524
A[C>A]G	0.07481751824817519	0.05291970802919707	0.0	0.04562043795620438	0.004105839416058389	0.008211678832116782	0.027372262773722626	0.0027372262773722664	0.08759124087591241	0.1113138686131387	0.5269160583941607	0.06432481751824817	0.012317518248175181	0.007299270072992695	0.0022810218978102093	0.003649635036496346	0.03193430656934307	0.0031934306569343027	0.024635036496350363	0.03786496350364964	0.031021897810218975	0.027372262773722626	0.017335766423357664	0.031021897810218975	0.10264598540145987	0.08485401459854017	0.026459854014598536	0.12271897810218978	0.008211678832116782	0.006386861313868612	0.02052919708029197	0.022354014598540153	0.2550182481751825	0.42107664233576636	0.5136861313868614	0.34352189781021897	0.02098540145985401	0.002281021897810223	0.008211678832116792	0.005930656934306569	0.010492700729927001	0.04425182481751826	0.04425182481751826	0.04835766423357664	0.0364963503649635	0.02098540145985401	0.004562043795620432	0.006843065693430652	0.3663321167883211	0.4936131386861314	0.12271897810218978	0.9635036496350365	0.013686131386861311	0.0077554744525547385	0.027828467153284665	0.003649635036496346	0.09397810218978102	0.20255474452554745	0.583029197080292	0.11998175182481753	0.019160583941605837	0.012317518248175181	0.0077554744525547385	0.016423357664233574	0.015967153284671527	0.010492700729927015	0.025091240875912413	0.03968978102189781	0.0364963503649635	0.033759124087591234	0.01505474452554744	0.02417883211678832	0.07162408759124089	0.07846715328467155	0.008667883211678835	0.10401459854014598	0.03330291970802919	0.026459854014598536	0.028284671532846712	0.10720802919708032	0.3531021897810219	0.8106751824817519	0.44890510948905105	0.38184306569343063	0.012773722627737225	0.004562043795620432	0.01505474452554744	0.008211678832116792	0.004105839416058389	0.03330291970802919	0.007299270072992706	0.018704379562043794	0.0291970802919708	0.02098540145985401	0.017791970802919707	0.001824817518248166
A[C>A]T	0.02919708029197081	0.007299270072992692	0.04562043795620438	0.0	0.04151459854014599	0.05383211678832116	0.072992700729927	0.048357664233576646	0.04197080291970803	0.06569343065693432	0.48129562043795626	0.018704379562043794	0.05793795620437956	0.05291970802919707	0.04790145985401459	0.04197080291970803	0.013686131386861311	0.04881386861313868	0.020985401459854017	0.007755474452554742	0.07664233576642336	0.072992700729927	0.06295620437956204	0.07664233576642336	0.057025547445255495	0.03923357664233579	0.019160583941605844	0.0770985401459854	0.05383211678832116	0.05200729927007299	0.06614963503649635	0.023266423357664226	0.20939781021897813	0.375456204379562	0.46806569343065696	0.2979014598540146	0.0666058394160584	0.043339416058394156	0.03740875912408759	0.05155109489051095	0.05611313868613138	0.0013686131386861228	0.0013686131386861228	0.0027372262773722594	0.08211678832116788	0.0666058394160584	0.05018248175182481	0.052463503649635035	0.32071167883211676	0.44799270072992703	0.0770985401459854	0.9178832116788321	0.05930656934306569	0.05337591240875912	0.07344890510948905	0.049270072992700725	0.04835766423357664	0.15693430656934304	0.5374087591240876	0.07436131386861315	0.06478102189781021	0.05793795620437956	0.05337591240875912	0.06204379562043795	0.029653284671532852	0.035127737226277364	0.020529197080291967	0.005930656934306569	0.08211678832116788	0.07937956204379562	0.06067518248175182	0.06979927007299269	0.026003649635036513	0.03284671532846717	0.036952554744525544	0.058394160583941604	0.012317518248175188	0.019160583941605844	0.07390510948905109	0.06158759124087594	0.3074817518248176	0.7650547445255474	0.4032846715328467	0.3362226277372263	0.032846715328467155	0.05018248175182481	0.06067518248175182	0.03740875912408759	0.04151459854014599	0.012317518248175188	0.038321167883211674	0.026916058394160586	0.07481751824817517	0.0666058394160584	0.06341240875912409	0.047445255474452545
A[C>G]A	0.07071167883211679	0.04881386861313868	0.004105839416058389	0.04151459854014599	0.0	0.012317518248175171	0.03147810218978102	0.0068430656934306555	0.08348540145985403	0.1072080291970803	0.5228102189781022	0.060218978102189784	0.01642335766423357	0.011405109489051084	0.006386861313868598	0.00045620437956204324	0.02782846715328468	0.007299270072992692	0.020529197080291973	0.03375912408759125	0.035127737226277364	0.03147810218978102	0.021441605839416053	0.035127737226277364	0.09854014598540148	0.08074817518248179	0.022354014598540146	0.11861313868613138	0.012317518248175171	0.010492700729927001	0.02463503649635036	0.018248175182481764	0.25091240875912413	0.416970802919708	0.5095802919708029	0.3394160583941606	0.0250912408759124	0.001824817518248166	0.004105839416058403	0.010036496350364958	0.01459854014598539	0.04014598540145987	0.04014598540145987	0.04425182481751825	0.04060218978102189	0.0250912408759124	0.008667883211678822	0.010948905109489041	0.36222627737226276	0.489507299270073	0.11861313868613138	0.9593978102189781	0.0177919708029197	0.011861313868613128	0.031934306569343054	0.007755474452554735	0.08987226277372262	0.19844890510948904	0.5789233576642335	0.11587591240875914	0.023266423357664226	0.01642335766423357	0.011861313868613128	0.020529197080291963	0.011861313868613138	0.006386861313868626	0.020985401459854024	0.03558394160583942	0.04060218978102189	0.037864963503649623	0.01916058394160583	0.02828467153284671	0.06751824817518251	0.07436131386861317	0.004562043795620446	0.09990875912408759	0.029197080291970802	0.022354014598540146	0.032390510948905105	0.10310218978102192	0.34899635036496357	0.8065693430656934	0.4447992700729927	0.3777372262773723	0.008667883211678835	0.008667883211678822	0.01916058394160583	0.004105839416058403	0.0	0.029197080291970802	0.0031934306569343165	0.014598540145985404	0.03330291970802919	0.0250912408759124	0.021897810218978096	0.005930656934306555
A[C>G]C	0.08302919708029197	0.06113138686131385	0.008211678832116782	0.05383211678832116	0.012317518248175171	0.0	0.019160583941605844	0.005474452554744515	0.09580291970802919	0.11952554744525548	0.5351277372262774	0.07253649635036495	0.0041058394160583996	0.0009124087591240865	0.0059306569343065725	0.011861313868613128	0.04014598540145985	0.005018248175182479	0.03284671532846714	0.046076642335766416	0.022810218978102193	0.019160583941605844	0.009124087591240882	0.022810218978102193	0.11085766423357665	0.09306569343065695	0.034671532846715314	0.13093065693430656	0.0	0.0018248175182481695	0.012317518248175188	0.030565693430656935	0.2632299270072993	0.4292883211678832	0.5218978102189781	0.3517335766423358	0.01277372262773723	0.010492700729927005	0.016423357664233574	0.0022810218978102127	0.0022810218978102197	0.052463503649635035	0.052463503649635035	0.05656934306569342	0.02828467153284672	0.01277372262773723	0.0036496350364963494	0.0013686131386861297	0.37454379562043794	0.5018248175182481	0.13093065693430656	0.9717153284671532	0.005474452554744529	0.00045620437956204324	0.019616788321167887	0.004562043795620436	0.1021897810218978	0.2107664233576642	0.5912408759124087	0.1281934306569343	0.010948905109489055	0.0041058394160583996	0.00045620437956204324	0.008211678832116792	0.02417883211678831	0.018704379562043797	0.03330291970802919	0.04790145985401459	0.02828467153284672	0.025547445255474456	0.006843065693430659	0.015967153284671534	0.07983576642335767	0.08667883211678833	0.016879562043795617	0.11222627737226276	0.04151459854014597	0.034671532846715314	0.02007299270072993	0.1154197080291971	0.36131386861313874	0.8188868613138686	0.45711678832116787	0.39005474452554745	0.020985401459854006	0.0036496350364963494	0.006843065693430659	0.016423357664233574	0.012317518248175171	0.04151459854014597	0.015510948905109487	0.026916058394160575	0.020985401459854017	0.01277372262773723	0.009580291970802925	0.006386861313868616
A[C>G]G	0.10218978102189781	0.0802919708029197	0.027372262773722626	0.072992700729927	0.03147810218978102	0.019160583941605844	0.0	0.02463503649635036	0.11496350364963503	0.13868613138686134	0.5542883211678833	0.0916970802919708	0.015054744525547444	0.02007299270072993	0.025091240875912416	0.03102189781021897	0.05930656934306569	0.024178832116788323	0.052007299270072985	0.06523722627737226	0.0036496350364963502	0.0	0.010036496350364962	0.0036496350364963502	0.1300182481751825	0.11222627737226279	0.05383211678832116	0.1500912408759124	0.019160583941605844	0.020985401459854013	0.0068430656934306555	0.049726277372262775	0.2823905109489051	0.448448905109489	0.541058394160584	0.3708941605839416	0.006386861313868614	0.02965328467153285	0.035583941605839414	0.021441605839416056	0.016879562043795624	0.07162408759124088	0.07162408759124088	0.07572992700729926	0.009124087591240875	0.006386861313868614	0.022810218978102193	0.020529197080291973	0.39370437956204374	0.5209854014598541	0.1500912408759124	0.9908759124087592	0.013686131386861315	0.019616788321167887	0.0004562043795620415	0.02372262773722628	0.12135036496350364	0.22992700729927007	0.6104014598540146	0.14735401459854017	0.008211678832116789	0.015054744525547444	0.019616788321167887	0.010948905109489052	0.043339416058394156	0.03786496350364964	0.052463503649635035	0.06706204379562043	0.009124087591240875	0.006386861313868611	0.012317518248175185	0.003193430656934308	0.09899635036496351	0.10583941605839417	0.036040145985401464	0.13138686131386862	0.06067518248175181	0.05383211678832116	0.0009124087591240865	0.13458029197080296	0.38047445255474455	0.8380474452554745	0.47627737226277367	0.40921532846715325	0.04014598540145985	0.022810218978102193	0.012317518248175185	0.035583941605839414	0.03147810218978102	0.06067518248175181	0.03467153284671533	0.046076642335766416	0.0018248175182481738	0.006386861313868614	0.009580291970802918	0.02554744525547446
A[C>G]T	0.07755474452554745	0.05565693430656934	0.0027372262773722664	0.048357664233576646	0.0068430656934306555	0.005474452554744515	0.02463503649635036	0.0	0.09032846715328469	0.11405109489051096	0.5296532846715329	0.06706204379562045	0.009580291970802915	0.004562043795620429	0.0004562043795620571	0.006386861313868612	0.034671532846715335	0.0004562043795620363	0.02737226277372263	0.040602189781021904	0.02828467153284671	0.02463503649635036	0.014598540145985398	0.02828467153284671	0.10538321167883213	0.08759124087591244	0.029197080291970802	0.12545620437956204	0.005474452554744515	0.003649635036496346	0.017791970802919704	0.02509124087591242	0.25775547445255476	0.42381386861313863	0.5164233576642336	0.34625912408759124	0.018248175182481743	0.0050182481751824895	0.010948905109489059	0.0031934306569343027	0.007755474452554735	0.04698905109489052	0.04698905109489052	0.051094890510948905	0.033759124087591234	0.018248175182481743	0.001824817518248166	0.004105839416058386	0.3690693430656934	0.49635036496350365	0.12545620437956204	0.9662408759124088	0.010948905109489045	0.005018248175182472	0.0250912408759124	0.0009124087591240795	0.09671532846715328	0.2052919708029197	0.5857664233576643	0.12271897810218979	0.01642335766423357	0.009580291970802915	0.005018248175182472	0.013686131386861308	0.018704379562043794	0.013229927007299282	0.02782846715328468	0.04242700729927008	0.033759124087591234	0.03102189781021897	0.012317518248175174	0.021441605839416053	0.07436131386861317	0.08120437956204382	0.011405109489051102	0.10675182481751824	0.03604014598540146	0.029197080291970802	0.025547445255474446	0.10994525547445258	0.3558394160583942	0.8134124087591241	0.4516423357664233	0.3845802919708029	0.015510948905109491	0.001824817518248166	0.012317518248175174	0.010948905109489059	0.0068430656934306555	0.03604014598540146	0.010036496350364972	0.02144160583941606	0.026459854014598532	0.018248175182481743	0.01505474452554744	0.0009124087591241004
A[C>T]A	0.012773722627737225	0.03467153284671534	0.08759124087591241	0.04197080291970803	0.08348540145985403	0.09580291970802919	0.11496350364963503	0.09032846715328469	0.0	0.02372262773722629	0.4393248175182482	0.02326642335766424	0.09990875912408759	0.0948905109489051	0.08987226277372262	0.08394160583941607	0.055656934306569344	0.09078467153284672	0.06295620437956205	0.049726277372262775	0.1186131386861314	0.11496350364963503	0.10492700729927007	0.1186131386861314	0.015054744525547462	0.0027372262773722456	0.06113138686131388	0.035127737226277364	0.09580291970802919	0.09397810218978103	0.10812043795620438	0.06523722627737226	0.16742700729927007	0.33348540145985395	0.4260948905109489	0.25593065693430656	0.10857664233576643	0.08531021897810219	0.07937956204379562	0.09352189781021898	0.09808394160583941	0.043339416058394156	0.043339416058394156	0.039233576642335774	0.12408759124087591	0.10857664233576643	0.09215328467153285	0.09443430656934307	0.2787408759124087	0.40602189781021897	0.035127737226277364	0.8759124087591241	0.10127737226277372	0.09534671532846715	0.11541970802919709	0.09124087591240876	0.006386861313868605	0.11496350364963502	0.4954379562043795	0.03239051094890512	0.10675182481751824	0.09990875912408759	0.09534671532846715	0.10401459854014598	0.07162408759124089	0.0770985401459854	0.0625	0.0479014598540146	0.12408759124087591	0.12135036496350365	0.10264598540145986	0.11177007299270073	0.01596715328467152	0.009124087591240865	0.07892335766423358	0.01642335766423357	0.05428832116788322	0.06113138686131388	0.11587591240875912	0.019616788321167908	0.2655109489051095	0.7230839416058394	0.36131386861313863	0.2942518248175182	0.07481751824817519	0.09215328467153285	0.10264598540145986	0.07937956204379562	0.08348540145985403	0.05428832116788322	0.08029197080291971	0.06888686131386862	0.11678832116788321	0.10857664233576643	0.10538321167883212	0.08941605839416059
A[C>T]C	0.036496350364963515	0.05839416058394163	0.1113138686131387	0.06569343065693432	0.1072080291970803	0.11952554744525548	0.13868613138686134	0.11405109489051096	0.02372262773722629	0.0	0.4156021897810219	0.04698905109489053	0.12363138686131389	0.1186131386861314	0.11359489051094891	0.10766423357664236	0.07937956204379563	0.114507299270073	0.08667883211678834	0.07344890510948907	0.14233576642335768	0.13868613138686134	0.12864963503649637	0.14233576642335768	0.008667883211678828	0.026459854014598536	0.08485401459854017	0.011405109489051074	0.11952554744525548	0.11770072992700731	0.13184306569343068	0.08895985401459855	0.1437043795620438	0.30976277372262767	0.4023722627737226	0.23220802919708028	0.13229927007299272	0.10903284671532848	0.10310218978102191	0.11724452554744527	0.1218065693430657	0.06706204379562045	0.06706204379562045	0.06295620437956206	0.1478102189781022	0.13229927007299272	0.11587591240875914	0.11815693430656936	0.2550182481751824	0.3822992700729927	0.011405109489051074	0.8521897810218978	0.125	0.11906934306569344	0.13914233576642338	0.11496350364963505	0.017335766423357685	0.09124087591240873	0.47171532846715325	0.008667883211678828	0.13047445255474455	0.12363138686131389	0.11906934306569344	0.12773722627737227	0.09534671532846717	0.10082116788321169	0.08622262773722629	0.07162408759124089	0.1478102189781022	0.14507299270072993	0.12636861313868614	0.13549270072992703	0.03968978102189781	0.032846715328467155	0.10264598540145986	0.00729927007299272	0.07801094890510951	0.08485401459854017	0.1395985401459854	0.004105839416058382	0.24178832116788324	0.6993613138686131	0.33759124087591236	0.27052919708029194	0.09854014598540148	0.11587591240875914	0.12636861313868614	0.10310218978102191	0.1072080291970803	0.07801094890510951	0.104014598540146	0.09260948905109491	0.1405109489051095	0.13229927007299272	0.1291058394160584	0.11313868613138686
A[C>T]G	0.45209854014598544	0.47399635036496357	0.5269160583941607	0.48129562043795626	0.5228102189781022	0.5351277372262774	0.5542883211678833	0.5296532846715329	0.4393248175182482	0.4156021897810219	0.0	0.46259124087591247	0.5392335766423358	0.5342153284671534	0.5291970802919709	0.5232664233576643	0.4949817518248176	0.5301094890510949	0.5022810218978102	0.489051094890511	0.5579379562043796	0.5542883211678833	0.5442518248175183	0.5579379562043796	0.42427007299270075	0.4420620437956205	0.5004562043795621	0.4041970802919709	0.5351277372262774	0.5333029197080292	0.5474452554744526	0.5045620437956204	0.27189781021897813	0.10583941605839425	0.013229927007299302	0.18339416058394165	0.5479014598540146	0.5246350364963503	0.5187043795620438	0.5328467153284672	0.5374087591240876	0.48266423357664234	0.48266423357664234	0.478558394160584	0.5634124087591241	0.5479014598540146	0.5314781021897811	0.5337591240875913	0.1605839416058395	0.03330291970802923	0.4041970802919709	0.43658759124087587	0.5406021897810219	0.5346715328467153	0.5547445255474452	0.530565693430657	0.4329379562043796	0.3243613138686132	0.056113138686131325	0.4069343065693431	0.5460766423357665	0.5392335766423358	0.5346715328467153	0.5433394160583942	0.5109489051094891	0.5164233576642336	0.5018248175182483	0.4872262773722628	0.5634124087591241	0.5606751824817519	0.5419708029197081	0.551094890510949	0.4552919708029197	0.4484489051094891	0.5182481751824818	0.4229014598540146	0.49361313868613144	0.5004562043795621	0.5552007299270073	0.4197080291970803	0.1738138686131387	0.2837591240875912	0.07801094890510957	0.14507299270072999	0.5141423357664234	0.5314781021897811	0.5419708029197081	0.5187043795620438	0.5228102189781022	0.49361313868613144	0.519616788321168	0.5082116788321168	0.5561131386861314	0.5479014598540146	0.5447080291970803	0.5287408759124088
A[C>T]T	0.010492700729927015	0.011405109489051102	0.06432481751824817	0.018704379562043794	0.060218978102189784	0.07253649635036495	0.0916970802919708	0.06706204379562045	0.02326642335766424	0.04698905109489053	0.46259124087591247	0.0	0.07664233576642335	0.07162408759124086	0.06660583941605838	0.06067518248175183	0.032390510948905105	0.06751824817518248	0.03968978102189781	0.026459854014598536	0.09534671532846715	0.0916970802919708	0.08166058394160583	0.09534671532846715	0.0383211678832117	0.020529197080291994	0.03786496350364964	0.058394160583941604	0.07253649635036495	0.07071167883211679	0.08485401459854014	0.04197080291970802	0.19069343065693434	0.3567518248175182	0.44936131386861317	0.2791970802919708	0.08531021897810219	0.06204379562043795	0.05611313868613138	0.07025547445255474	0.07481751824817517	0.020072992700729916	0.020072992700729916	0.015967153284671534	0.10082116788321167	0.08531021897810219	0.0688868613138686	0.07116788321167883	0.30200729927007297	0.42928832116788324	0.058394160583941604	0.8991788321167883	0.07801094890510948	0.07208029197080291	0.09215328467153285	0.06797445255474452	0.029653284671532845	0.13822992700729925	0.5187043795620437	0.05565693430656936	0.083485401459854	0.07664233576642335	0.07208029197080291	0.08074817518248174	0.048357664233576646	0.05383211678832116	0.03923357664233576	0.024635036496350363	0.10082116788321167	0.09808394160583941	0.07937956204379562	0.08850364963503649	0.00729927007299272	0.014142335766423375	0.05565693430656934	0.03968978102189781	0.031021897810218982	0.03786496350364964	0.09260948905109488	0.04288321167883215	0.2887773722627738	0.7463503649635036	0.3845802919708029	0.3175182481751825	0.05155109489051095	0.0688868613138686	0.07937956204379562	0.05611313868613138	0.060218978102189784	0.031021897810218982	0.05702554744525547	0.04562043795620438	0.09352189781021897	0.08531021897810219	0.08211678832116788	0.06614963503649635
A[T>A]A	0.08713503649635038	0.06523722627737225	0.012317518248175181	0.05793795620437956	0.01642335766423357	0.0041058394160583996	0.015054744525547444	0.009580291970802915	0.09990875912408759	0.12363138686131389	0.5392335766423358	0.07664233576642335	0.0	0.005018248175182486	0.010036496350364972	0.015967153284671527	0.04425182481751825	0.009124087591240879	0.036952554744525544	0.05018248175182482	0.018704379562043794	0.015054744525547444	0.0050182481751824826	0.018704379562043794	0.11496350364963506	0.09717153284671534	0.03877737226277372	0.13503649635036497	0.0041058394160583996	0.005930656934306569	0.008211678832116789	0.034671532846715335	0.26733576642335766	0.43339416058394153	0.5260036496350365	0.35583941605839414	0.00866788321167883	0.014598540145985404	0.020529197080291973	0.006386861313868612	0.00182481751824818	0.05656934306569344	0.05656934306569344	0.06067518248175182	0.02417883211678832	0.00866788321167883	0.007755474452554749	0.005474452554744529	0.3786496350364963	0.5059306569343066	0.13503649635036497	0.9758211678832117	0.0013686131386861297	0.004562043795620443	0.015510948905109486	0.008667883211678835	0.1062956204379562	0.21487226277372262	0.5953467153284672	0.13229927007299272	0.0068430656934306555	0.0	0.004562043795620443	0.004105839416058393	0.02828467153284671	0.022810218978102197	0.037408759124087594	0.05200729927007299	0.02417883211678832	0.021441605839416056	0.0027372262773722594	0.011861313868613136	0.08394160583941607	0.09078467153284672	0.020985401459854017	0.11633211678832117	0.04562043795620437	0.03877737226277372	0.01596715328467153	0.11952554744525551	0.3654197080291971	0.822992700729927	0.4612226277372262	0.3941605839416058	0.025091240875912406	0.007755474452554749	0.0027372262773722594	0.020529197080291973	0.01642335766423357	0.04562043795620437	0.019616788321167887	0.031021897810218975	0.016879562043795617	0.00866788321167883	0.005474452554744526	0.010492700729927015
A[T>A]C	0.08211678832116788	0.06021897810218976	0.007299270072992695	0.05291970802919707	0.011405109489051084	0.0009124087591240865	0.02007299270072993	0.004562043795620429	0.0948905109489051	0.1186131386861314	0.5342153284671534	0.07162408759124086	0.005018248175182486	0.0	0.005018248175182486	0.010948905109489041	0.03923357664233576	0.004105839416058393	0.031934306569343054	0.04516423357664233	0.02372262773722628	0.02007299270072993	0.010036496350364969	0.02372262773722628	0.10994525547445257	0.09215328467153286	0.03375912408759123	0.13001824817518248	0.0009124087591240865	0.000912408759124083	0.013229927007299275	0.02965328467153285	0.2623175182481752	0.42837591240875905	0.5209854014598541	0.35082116788321166	0.013686131386861316	0.009580291970802918	0.015510948905109487	0.0013686131386861262	0.003193430656934306	0.05155109489051095	0.05155109489051095	0.05565693430656933	0.029197080291970805	0.013686131386861316	0.002737226277372263	0.00045620437956204324	0.3736313868613138	0.5009124087591241	0.13001824817518248	0.9708029197080292	0.006386861313868616	0.00045620437956204324	0.020529197080291973	0.0036496350364963494	0.10127737226277371	0.20985401459854014	0.5903284671532847	0.12728102189781024	0.011861313868613142	0.005018248175182486	0.00045620437956204324	0.009124087591240879	0.023266423357664223	0.01779197080291971	0.032390510948905105	0.0469890510948905	0.029197080291970805	0.026459854014598543	0.0077554744525547455	0.01687956204379562	0.07892335766423358	0.08576642335766424	0.01596715328467153	0.11131386861313868	0.04060218978102188	0.03375912408759123	0.020985401459854017	0.11450729927007301	0.3604014598540146	0.8179744525547445	0.45620437956204374	0.3891423357664233	0.02007299270072992	0.002737226277372263	0.0077554744525547455	0.015510948905109487	0.011405109489051084	0.04060218978102188	0.014598540145985401	0.02600364963503649	0.021897810218978103	0.013686131386861316	0.010492700729927012	0.005474452554744529
A[T>A]G	0.0770985401459854	0.05520072992700728	0.0022810218978102093	0.04790145985401459	0.006386861313868598	0.0059306569343065725	0.025091240875912416	0.0004562043795620571	0.08987226277372262	0.11359489051094891	0.5291970802919709	0.06660583941605838	0.010036496350364972	0.005018248175182486	0.0	0.005930656934306555	0.03421532846715328	0.0009124087591240934	0.026916058394160572	0.04014598540145985	0.028740875912408766	0.025091240875912416	0.015054744525547455	0.028740875912408766	0.10492700729927008	0.08713503649635038	0.028740875912408745	0.12499999999999999	0.0059306569343065725	0.004105839416058403	0.01824817518248176	0.024635036496350363	0.2572992700729927	0.42335766423357657	0.5159671532846716	0.3458029197080292	0.0187043795620438	0.004562043795620432	0.010492700729927001	0.00364963503649636	0.008211678832116792	0.046532846715328466	0.046532846715328466	0.05063868613138685	0.03421532846715329	0.0187043795620438	0.002281021897810223	0.004562043795620443	0.3686131386861313	0.4958941605839416	0.12499999999999999	0.9657846715328468	0.011405109489051102	0.005474452554744529	0.025547445255474456	0.0013686131386861367	0.09625912408759123	0.20483576642335766	0.5853102189781022	0.12226277372262774	0.016879562043795628	0.010036496350364972	0.005474452554744529	0.014142335766423365	0.018248175182481736	0.012773722627737225	0.027372262773722622	0.04197080291970802	0.03421532846715329	0.031478102189781025	0.012773722627737231	0.02189781021897811	0.0739051094890511	0.08074817518248176	0.010948905109489045	0.10629562043795619	0.0355839416058394	0.028740875912408745	0.026003649635036503	0.10948905109489053	0.35538321167883213	0.8129562043795621	0.45118613138686126	0.38412408759124084	0.015054744525547434	0.002281021897810223	0.012773722627737231	0.010492700729927001	0.006386861313868598	0.0355839416058394	0.009580291970802915	0.020985401459854003	0.02691605839416059	0.0187043795620438	0.015510948905109498	0.00045620437956204324
A[T>A]T	0.07116788321167884	0.049270072992700725	0.003649635036496346	0.04197080291970803	0.00045620437956204324	0.011861313868613128	0.03102189781021897	0.006386861313868612	0.08394160583941607	0.10766423357664236	0.5232664233576643	0.06067518248175183	0.015967153284671527	0.010948905109489041	0.005930656934306555	0.0	0.028284671532846722	0.006843065693430649	0.020985401459854017	0.03421532846715329	0.03467153284671532	0.03102189781021897	0.02098540145985401	0.03467153284671532	0.09899635036496353	0.08120437956204382	0.02281021897810219	0.11906934306569343	0.011861313868613128	0.010036496350364958	0.024178832116788316	0.018704379562043807	0.25136861313868614	0.41742700729927	0.510036496350365	0.3398722627737226	0.024635036496350356	0.0013686131386861228	0.004562043795620446	0.009580291970802915	0.014142335766423347	0.04060218978102191	0.04060218978102191	0.04470802919708029	0.04014598540145985	0.024635036496350356	0.008211678832116778	0.010492700729926998	0.36268248175182477	0.48996350364963503	0.11906934306569343	0.9598540145985401	0.017335766423357657	0.011405109489051084	0.03147810218978101	0.007299270072992692	0.09032846715328467	0.1989051094890511	0.5793795620437956	0.11633211678832119	0.022810218978102183	0.015967153284671527	0.011405109489051084	0.02007299270072992	0.012317518248175181	0.006843065693430669	0.021441605839416067	0.036040145985401464	0.04014598540145985	0.03740875912408758	0.018704379562043787	0.027828467153284665	0.06797445255474455	0.0748175182481752	0.0050182481751824895	0.10036496350364964	0.029653284671532845	0.02281021897810219	0.031934306569343054	0.10355839416058397	0.3494525547445256	0.8070255474452555	0.4452554744525547	0.3781934306569343	0.009124087591240879	0.008211678832116778	0.018704379562043787	0.004562043795620446	0.00045620437956204324	0.029653284671532845	0.00364963503649636	0.015054744525547448	0.03284671532846715	0.024635036496350356	0.021441605839416053	0.005474452554744512
A[T>C]A	0.04288321167883212	0.020985401459854003	0.03193430656934307	0.013686131386861311	0.02782846715328468	0.04014598540145985	0.05930656934306569	0.034671532846715335	0.055656934306569344	0.07937956204379563	0.4949817518248176	0.032390510948905105	0.04425182481751825	0.03923357664233576	0.03421532846715328	0.028284671532846722	0.0	0.03512773722627737	0.007299270072992706	0.005930656934306569	0.06295620437956205	0.05930656934306569	0.04927007299270073	0.06295620437956205	0.0707116788321168	0.0529197080291971	0.005474452554744533	0.09078467153284671	0.04014598540145985	0.03832116788321168	0.052463503649635035	0.009580291970802915	0.22308394160583944	0.3891423357664233	0.48175182481751827	0.3115875912408759	0.05291970802919708	0.029653284671532845	0.023722627737226276	0.03786496350364964	0.04242700729927007	0.012317518248175188	0.012317518248175188	0.01642335766423357	0.06843065693430657	0.05291970802919708	0.0364963503649635	0.038777372262773724	0.3343978102189781	0.46167883211678834	0.09078467153284671	0.9315693430656934	0.04562043795620438	0.03968978102189781	0.059762773722627734	0.035583941605839414	0.06204379562043795	0.17062043795620435	0.5510948905109488	0.08804744525547446	0.051094890510948905	0.04425182481751825	0.03968978102189781	0.04835766423357664	0.01596715328467154	0.021441605839416053	0.0068430656934306555	0.007755474452554742	0.06843065693430657	0.06569343065693431	0.04698905109489051	0.05611313868613139	0.039689781021897824	0.04653284671532848	0.023266423357664233	0.07208029197080291	0.0013686131386861228	0.005474452554744533	0.06021897810218978	0.07527372262773725	0.3211678832116789	0.7787408759124087	0.416970802919708	0.3499087591240876	0.019160583941605844	0.0364963503649635	0.04698905109489051	0.023722627737226276	0.02782846715328468	0.0013686131386861228	0.024635036496350363	0.013229927007299275	0.06113138686131387	0.05291970802919708	0.049726277372262775	0.033759124087591234
A[T>C]C	0.07801094890510948	0.056113138686131374	0.0031934306569343027	0.04881386861313868	0.007299270072992692	0.005018248175182479	0.024178832116788323	0.0004562043795620363	0.09078467153284672	0.114507299270073	0.5301094890510949	0.06751824817518248	0.009124087591240879	0.004105839416058393	0.0009124087591240934	0.006843065693430649	0.03512773722627737	0.0	0.027828467153284665	0.04105839416058394	0.027828467153284672	0.024178832116788323	0.014142335766423361	0.027828467153284672	0.10583941605839417	0.08804744525547448	0.029653284671532838	0.12591240875912407	0.005018248175182479	0.0031934306569343096	0.017335766423357667	0.025547445255474456	0.2582116788321168	0.4242700729927007	0.5168795620437956	0.3467153284671533	0.017791970802919707	0.005474452554744526	0.011405109489051095	0.0027372262773722664	0.007299270072992699	0.04744525547445256	0.04744525547445256	0.05155109489051094	0.0333029197080292	0.017791970802919707	0.0013686131386861297	0.0036496350364963494	0.36952554744525545	0.4968065693430657	0.12591240875912407	0.9666970802919708	0.010492700729927008	0.004562043795620436	0.024635036496350363	0.00045620437956204324	0.09717153284671531	0.20574817518248173	0.5862226277372262	0.12317518248175183	0.015967153284671534	0.009124087591240879	0.004562043795620436	0.013229927007299271	0.01916058394160583	0.013686131386861318	0.028284671532846715	0.04288321167883211	0.0333029197080292	0.030565693430656935	0.011861313868613138	0.020985401459854017	0.0748175182481752	0.08166058394160586	0.011861313868613138	0.10720802919708028	0.036496350364963494	0.029653284671532838	0.02509124087591241	0.11040145985401462	0.35629562043795626	0.8138686131386861	0.4520985401459854	0.38503649635036497	0.015967153284671527	0.0013686131386861297	0.011861313868613138	0.011405109489051095	0.007299270072992692	0.036496350364963494	0.010492700729927008	0.021897810218978096	0.026003649635036496	0.017791970802919707	0.014598540145985404	0.0013686131386861367
A[T>C]G	0.050182481751824826	0.02828467153284671	0.024635036496350363	0.020985401459854017	0.020529197080291973	0.03284671532846714	0.052007299270072985	0.02737226277372263	0.06295620437956205	0.08667883211678834	0.5022810218978102	0.03968978102189781	0.036952554744525544	0.031934306569343054	0.026916058394160572	0.020985401459854017	0.007299270072992706	0.027828467153284665	0.0	0.013229927007299275	0.05565693430656934	0.052007299270072985	0.041970802919708027	0.05565693430656934	0.07801094890510951	0.060218978102189805	0.001824817518248173	0.09808394160583941	0.03284671532846714	0.031021897810218975	0.04516423357664233	0.0022810218978102093	0.23038321167883213	0.396441605839416	0.48905109489051096	0.3188868613138686	0.04562043795620437	0.02235401459854014	0.01642335766423357	0.03056569343065693	0.035127737226277364	0.019616788321167894	0.019616788321167894	0.023722627737226276	0.06113138686131386	0.04562043795620437	0.029197080291970795	0.03147810218978102	0.34169708029197077	0.46897810218978103	0.09808394160583941	0.9388686131386861	0.038321167883211674	0.032390510948905105	0.05246350364963503	0.02828467153284671	0.06934306569343066	0.17791970802919707	0.5583941605839415	0.09534671532846717	0.0437956204379562	0.036952554744525544	0.032390510948905105	0.04105839416058393	0.008667883211678835	0.014142335766423347	0.0004562043795620502	0.015054744525547448	0.06113138686131386	0.0583941605839416	0.0396897810218978	0.04881386861313868	0.04698905109489053	0.053832116788321185	0.015967153284671527	0.07937956204379562	0.008667883211678828	0.001824817518248173	0.05291970802919707	0.08257299270072996	0.3284671532846716	0.7860401459854014	0.4242700729927007	0.3572080291970803	0.011861313868613138	0.029197080291970795	0.0396897810218978	0.01642335766423357	0.020529197080291973	0.008667883211678828	0.017335766423357657	0.005930656934306569	0.053832116788321165	0.04562043795620437	0.04242700729927007	0.02645985401459853
A[T>C]T	0.03695255474452555	0.015054744525547434	0.03786496350364964	0.007755474452554742	0.03375912408759125	0.046076642335766416	0.06523722627737226	0.040602189781021904	0.049726277372262775	0.07344890510948907	0.489051094890511	0.026459854014598536	0.05018248175182482	0.04516423357664233	0.04014598540145985	0.03421532846715329	0.005930656934306569	0.04105839416058394	0.013229927007299275	0.0	0.06888686131386862	0.06523722627737226	0.0552007299270073	0.06888686131386862	0.06478102189781024	0.04698905109489053	0.011405109489051102	0.08485401459854014	0.046076642335766416	0.04425182481751825	0.058394160583941604	0.015510948905109484	0.21715328467153286	0.3832116788321167	0.4758211678832117	0.30565693430656937	0.05885036496350365	0.035583941605839414	0.029653284671532845	0.043795620437956206	0.04835766423357664	0.006386861313868619	0.006386861313868619	0.010492700729927001	0.07436131386861314	0.05885036496350365	0.04242700729927007	0.04470802919708029	0.32846715328467146	0.4557481751824818	0.08485401459854014	0.9256386861313869	0.05155109489051095	0.04562043795620438	0.06569343065693431	0.04151459854014598	0.05611313868613138	0.1646897810218978	0.5451642335766423	0.0821167883211679	0.057025547445255474	0.05018248175182482	0.04562043795620438	0.05428832116788321	0.02189781021897811	0.027372262773722622	0.012773722627737225	0.001824817518248173	0.07436131386861314	0.07162408759124088	0.05291970802919708	0.06204379562043796	0.033759124087591255	0.04060218978102191	0.029197080291970802	0.06614963503649635	0.004562043795620446	0.011405109489051102	0.06614963503649635	0.06934306569343068	0.3152372262773723	0.7728102189781022	0.4110401459854014	0.343978102189781	0.025091240875912413	0.04242700729927007	0.05291970802919708	0.029653284671532845	0.03375912408759125	0.004562043795620446	0.03056569343065693	0.019160583941605844	0.06706204379562043	0.05885036496350365	0.055656934306569344	0.0396897810218978
