	A[C>A]A	A[C>A]C	A[C>A]G	A[C>A]T	A[C>G]A	A[C>G]C	A[C>G]G	A[C>G]T	A[C>T]A	A[C>T]C	A[C>T]G	A[C>T]T	A[T>A]A	A[T>A]C	A[T>A]G	A[T>A]T	A[T>C]A	A[T>C]C	A[T>C]G	A[T>C]T	A[T>G]A	A[T>G]C	A[T>G]G	A[T>G]T	C[C>A]A	C[C>A]C	C[C>A]G	C[C>A]T	C[C>G]A	C[C>G]C	C[C>G]G	C[C>G]T	C[C>T]A	C[C>T]C	C[C>T]G	C[C>T]T	C[T>A]A	C[T>A]C	C[T>A]G	C[T>A]T	C[T>C]A	C[T>C]C	C[T>C]G	C[T>C]T	C[T>G]A	C[T>G]C	C[T>G]G	C[T>G]T	G[C>A]A	G[C>A]C	G[C>A]G	G[C>A]T	G[C>G]A	G[C>G]C	G[C>G]G	G[C>G]T	G[C>T]A	G[C>T]C	G[C>T]G	G[C>T]T	G[T>A]A	G[T>A]C	G[T>A]G	G[T>A]T	G[T>C]A	G[T>C]C	G[T>C]G	G[T>C]T	G[T>G]A	G[T>G]C	G[T>G]G	G[T>G]T	T[C>A]A	T[C>A]C	T[C>A]G	T[C>A]T	T[C>G]A	T[C>G]C	T[C>G]G	T[C>G]T	T[C>T]A	T[C>T]C	T[C>T]G	T[C>T]T	T[T>A]A	T[T>A]C	T[T>A]G	T[T>A]T	T[T>C]A	T[T>C]C	T[T>C]G	T[T>C]T	T[T>G]A	T[T>G]C	T[T>G]G	T[T>G]T
A[C>A]A	0.0	0.2125	0.037500000000000006	0.0062500000000000056	0.06875000000000003	0.03125	0.04999999999999999	0.06875000000000003	0.33125000000000004	0.10625000000000004	0.5	0.16874999999999998	0.1375	0.06875	0.08125	0.08125	0.037500000000000006	0.037500000000000006	0.03125	0.037500000000000006	0.125	0.14375000000000002	0.08750000000000001	0.09375000000000001	0.08125000000000002	0.13750000000000004	0.17500000000000002	0.03125	0.0062500000000000056	0.05625000000000001	0.07500000000000001	0.11250000000000002	0.35	0.18125	0.5937500000000001	0.40625	0.1375	0.125	0.04375	0.04375	0.012499999999999983	0.01874999999999999	0.04375000000000001	0.05625000000000002	0.1625	0.11875	0.1	0.08750000000000001	0.13750000000000004	0.28125	0.14375000000000002	0.05625000000000002	0.024999999999999994	0.07500000000000001	0.125	0.08125000000000002	0.4437500000000001	0.6375	0.8375	0.31875	0.1375	0.06250000000000001	0.1	0.11875	0.012499999999999983	0.07500000000000001	0.024999999999999994	0.012499999999999983	0.11875	0.08750000000000001	0.024999999999999994	0.10625000000000001	0.04999999999999999	0.0875	0.07500000000000001	0.07500000000000001	0.04999999999999999	0.0062500000000000056	0.0	0.17500000000000002	0.225	0.24375000000000005	0.2875	0.13125	0.09375000000000001	0.06250000000000001	0.08125	0.08750000000000001	0.04375	0.012499999999999983	0.04375	0.0062500000000000056	0.125	0.11875	0.05625000000000001	0.04375
A[C>A]C	0.2125	0.0	0.175	0.20625	0.14374999999999996	0.24375	0.1625	0.14374999999999996	0.11875000000000002	0.10624999999999996	0.2875	0.04375000000000001	0.35	0.28125	0.29375	0.29375	0.175	0.25	0.18125	0.175	0.3375	0.35625	0.3	0.30625	0.13124999999999998	0.07499999999999996	0.03749999999999998	0.18125	0.21875	0.26875	0.2875	0.09999999999999998	0.13749999999999996	0.03125	0.3812500000000001	0.19374999999999998	0.35	0.3375	0.25625	0.25625	0.22499999999999998	0.19375	0.16874999999999998	0.15624999999999997	0.375	0.33125	0.3125	0.3	0.07499999999999996	0.06875000000000003	0.06874999999999998	0.15624999999999997	0.2375	0.2875	0.3375	0.13124999999999998	0.23125000000000007	0.42499999999999993	0.625	0.10625000000000001	0.35	0.275	0.3125	0.33125	0.22499999999999998	0.2875	0.2375	0.22499999999999998	0.33125	0.3	0.2375	0.31875	0.1625	0.125	0.2875	0.13749999999999998	0.1625	0.20625	0.2125	0.03749999999999998	0.012500000000000011	0.031250000000000056	0.07500000000000001	0.08124999999999999	0.30625	0.275	0.29375	0.3	0.25625	0.22499999999999998	0.25625	0.21875	0.3375	0.33125	0.26875	0.25625
A[C>A]G	0.037500000000000006	0.175	0.0	0.03125	0.03125000000000003	0.06875	0.012499999999999983	0.03125000000000003	0.29375	0.06875000000000003	0.46249999999999997	0.13124999999999998	0.17500000000000002	0.10625000000000001	0.11875000000000001	0.11875000000000001	0.0	0.07500000000000001	0.0062500000000000056	0.0	0.1625	0.18125000000000002	0.125	0.13125000000000003	0.04375000000000001	0.10000000000000003	0.1375	0.0062500000000000056	0.04375000000000001	0.09375000000000001	0.11250000000000002	0.07500000000000001	0.31249999999999994	0.14375	0.5562500000000001	0.36874999999999997	0.17500000000000002	0.1625	0.08125	0.08125	0.04999999999999999	0.018750000000000017	0.0062500000000000056	0.018750000000000017	0.2	0.15625	0.1375	0.125	0.10000000000000003	0.24375000000000002	0.10625000000000001	0.018750000000000017	0.0625	0.11250000000000002	0.1625	0.04375000000000001	0.40625000000000006	0.5999999999999999	0.8	0.28125	0.17500000000000002	0.10000000000000002	0.1375	0.15625	0.04999999999999999	0.11250000000000002	0.0625	0.04999999999999999	0.15625	0.125	0.0625	0.14375000000000002	0.012499999999999983	0.04999999999999999	0.11250000000000002	0.037500000000000006	0.012499999999999983	0.03125	0.037500000000000006	0.1375	0.1875	0.20625000000000004	0.25	0.09375	0.13125000000000003	0.10000000000000002	0.11875000000000001	0.125	0.08125	0.04999999999999999	0.08125	0.04375000000000001	0.1625	0.15625	0.09375000000000001	0.08125
A[C>A]T	0.0062500000000000056	0.20625	0.03125	0.0	0.06250000000000003	0.037500000000000006	0.04374999999999998	0.06250000000000003	0.325	0.10000000000000003	0.49374999999999997	0.16249999999999998	0.14375000000000002	0.07500000000000001	0.08750000000000001	0.08750000000000001	0.03125	0.04375000000000001	0.024999999999999994	0.03125	0.13125	0.15000000000000002	0.09375000000000001	0.10000000000000002	0.07500000000000001	0.13125000000000003	0.16875	0.024999999999999994	0.012500000000000011	0.06250000000000001	0.08125000000000002	0.10625000000000001	0.34374999999999994	0.175	0.5875000000000001	0.39999999999999997	0.14375000000000002	0.13125	0.05	0.05	0.01874999999999999	0.012499999999999983	0.037500000000000006	0.05000000000000002	0.16875	0.125	0.10625000000000001	0.09375000000000001	0.13125000000000003	0.275	0.1375	0.05000000000000002	0.03125	0.08125000000000002	0.13125	0.07500000000000001	0.43750000000000006	0.6312499999999999	0.83125	0.3125	0.14375000000000002	0.06875000000000002	0.10625000000000001	0.125	0.01874999999999999	0.08125000000000002	0.03125	0.01874999999999999	0.125	0.09375000000000001	0.03125	0.11250000000000002	0.04374999999999998	0.08124999999999999	0.08125000000000002	0.06875	0.04374999999999998	0.0	0.0062500000000000056	0.16875	0.21875	0.23750000000000004	0.28125	0.125	0.10000000000000002	0.06875000000000002	0.08750000000000001	0.09375000000000001	0.05	0.01874999999999999	0.05	0.012500000000000011	0.13125	0.125	0.06250000000000001	0.05
A[C>G]A	0.06875000000000003	0.14374999999999996	0.03125000000000003	0.06250000000000003	0.0	0.10000000000000003	0.018750000000000044	0.0	0.26249999999999996	0.037500000000000006	0.4312499999999999	0.09999999999999995	0.20625000000000004	0.13750000000000004	0.15000000000000002	0.15000000000000002	0.03125000000000003	0.10625000000000004	0.03750000000000003	0.03125000000000003	0.19375000000000003	0.21250000000000005	0.15625000000000006	0.16250000000000003	0.012499999999999983	0.06875	0.10624999999999998	0.03750000000000003	0.07500000000000004	0.12500000000000006	0.14375000000000004	0.04374999999999998	0.2812499999999999	0.11249999999999996	0.525	0.3374999999999999	0.20625000000000004	0.19375000000000003	0.11250000000000003	0.11250000000000003	0.08125000000000002	0.050000000000000044	0.025000000000000022	0.012500000000000011	0.23125000000000004	0.18750000000000003	0.16875000000000004	0.15625000000000006	0.06875	0.2125	0.07499999999999998	0.012500000000000011	0.09375000000000003	0.14375000000000004	0.19375000000000003	0.012499999999999983	0.375	0.5687499999999999	0.7687499999999999	0.24999999999999997	0.20625000000000004	0.13125000000000003	0.16875000000000004	0.18750000000000003	0.08125000000000002	0.14375000000000004	0.09375000000000003	0.08125000000000002	0.18750000000000003	0.15625000000000006	0.09375000000000003	0.17500000000000004	0.018750000000000044	0.01874999999999996	0.14375000000000004	0.006249999999999978	0.018750000000000044	0.06250000000000003	0.06875000000000003	0.10624999999999998	0.15624999999999997	0.17500000000000002	0.21874999999999997	0.06249999999999997	0.16250000000000003	0.13125000000000003	0.15000000000000002	0.15625000000000006	0.11250000000000003	0.08125000000000002	0.11250000000000003	0.07500000000000004	0.19375000000000003	0.18750000000000003	0.12500000000000006	0.11250000000000003
A[C>G]C	0.03125	0.24375	0.06875	0.037500000000000006	0.10000000000000003	0.0	0.08124999999999999	0.10000000000000003	0.36250000000000004	0.13750000000000004	0.53125	0.19999999999999998	0.10625000000000001	0.037500000000000006	0.05	0.05	0.06875	0.0062500000000000056	0.0625	0.06875	0.09375	0.1125	0.05625000000000001	0.06250000000000001	0.11250000000000002	0.16875000000000004	0.20625000000000002	0.0625	0.024999999999999994	0.02500000000000001	0.04375000000000001	0.14375000000000002	0.38125	0.2125	0.6250000000000001	0.4375	0.10625000000000001	0.09375	0.012499999999999997	0.012499999999999997	0.018750000000000017	0.04999999999999999	0.07500000000000001	0.08750000000000002	0.13125	0.0875	0.06875	0.05625000000000001	0.16875000000000004	0.3125	0.17500000000000002	0.08750000000000002	0.0062500000000000056	0.04375000000000001	0.09375	0.11250000000000002	0.4750000000000001	0.66875	0.86875	0.35	0.10625000000000001	0.031250000000000014	0.06875	0.0875	0.018750000000000017	0.04375000000000001	0.0062500000000000056	0.018750000000000017	0.0875	0.05625000000000001	0.0062500000000000056	0.07500000000000001	0.08124999999999999	0.11875	0.04375000000000001	0.10625000000000001	0.08124999999999999	0.037500000000000006	0.03125	0.20625000000000002	0.25625	0.275	0.31875	0.1625	0.06250000000000001	0.031250000000000014	0.05	0.05625000000000001	0.012499999999999997	0.018750000000000017	0.012499999999999997	0.024999999999999994	0.09375	0.0875	0.02500000000000001	0.012499999999999997
A[C>G]G	0.04999999999999999	0.1625	0.012499999999999983	0.04374999999999998	0.018750000000000044	0.08124999999999999	0.0	0.018750000000000044	0.28125	0.05625000000000005	0.44999999999999996	0.11875	0.1875	0.11875	0.13124999999999998	0.13124999999999998	0.012499999999999983	0.0875	0.01874999999999999	0.012499999999999983	0.175	0.19375	0.1375	0.14375	0.03125000000000003	0.08750000000000005	0.12500000000000003	0.01874999999999999	0.056249999999999994	0.10625	0.125	0.06250000000000003	0.29999999999999993	0.13125	0.5437500000000001	0.35624999999999996	0.1875	0.175	0.09374999999999999	0.09374999999999999	0.06249999999999997	0.03125	0.006249999999999978	0.006250000000000033	0.2125	0.16874999999999998	0.15	0.1375	0.08750000000000005	0.23125000000000004	0.09375000000000003	0.006250000000000033	0.07499999999999998	0.125	0.175	0.03125000000000003	0.39375000000000004	0.5874999999999999	0.7875	0.26875000000000004	0.1875	0.1125	0.15	0.16874999999999998	0.06249999999999997	0.125	0.07499999999999998	0.06249999999999997	0.16874999999999998	0.1375	0.07499999999999998	0.15625	0.0	0.037500000000000006	0.125	0.025000000000000022	0.0	0.04374999999999998	0.04999999999999999	0.12500000000000003	0.17500000000000002	0.19375000000000006	0.23750000000000002	0.08125000000000002	0.14375	0.1125	0.13124999999999998	0.1375	0.09374999999999999	0.06249999999999997	0.09374999999999999	0.056249999999999994	0.175	0.16874999999999998	0.10625	0.09374999999999999
A[C>G]T	0.06875000000000003	0.14374999999999996	0.03125000000000003	0.06250000000000003	0.0	0.10000000000000003	0.018750000000000044	0.0	0.26249999999999996	0.037500000000000006	0.4312499999999999	0.09999999999999995	0.20625000000000004	0.13750000000000004	0.15000000000000002	0.15000000000000002	0.03125000000000003	0.10625000000000004	0.03750000000000003	0.03125000000000003	0.19375000000000003	0.21250000000000005	0.15625000000000006	0.16250000000000003	0.012499999999999983	0.06875	0.10624999999999998	0.03750000000000003	0.07500000000000004	0.12500000000000006	0.14375000000000004	0.04374999999999998	0.2812499999999999	0.11249999999999996	0.525	0.3374999999999999	0.20625000000000004	0.19375000000000003	0.11250000000000003	0.11250000000000003	0.08125000000000002	0.050000000000000044	0.025000000000000022	0.012500000000000011	0.23125000000000004	0.18750000000000003	0.16875000000000004	0.15625000000000006	0.06875	0.2125	0.07499999999999998	0.012500000000000011	0.09375000000000003	0.14375000000000004	0.19375000000000003	0.012499999999999983	0.375	0.5687499999999999	0.7687499999999999	0.24999999999999997	0.20625000000000004	0.13125000000000003	0.16875000000000004	0.18750000000000003	0.08125000000000002	0.14375000000000004	0.09375000000000003	0.08125000000000002	0.18750000000000003	0.15625000000000006	0.09375000000000003	0.17500000000000004	0.018750000000000044	0.01874999999999996	0.14375000000000004	0.006249999999999978	0.018750000000000044	0.06250000000000003	0.06875000000000003	0.10624999999999998	0.15624999999999997	0.17500000000000002	0.21874999999999997	0.06249999999999997	0.16250000000000003	0.13125000000000003	0.15000000000000002	0.15625000000000006	0.11250000000000003	0.08125000000000002	0.11250000000000003	0.07500000000000004	0.19375000000000003	0.18750000000000003	0.12500000000000006	0.11250000000000003
A[C>T]A	0.33125000000000004	0.11875000000000002	0.29375	0.325	0.26249999999999996	0.36250000000000004	0.28125	0.26249999999999996	0.0	0.22499999999999998	0.16874999999999996	0.16250000000000003	0.46875	0.4	0.41250000000000003	0.41250000000000003	0.29375	0.36875	0.30000000000000004	0.29375	0.45625000000000004	0.47500000000000003	0.41875	0.42500000000000004	0.25	0.19374999999999998	0.15625	0.30000000000000004	0.3375	0.3875	0.40625	0.21875	0.018749999999999933	0.15000000000000002	0.26250000000000007	0.07499999999999996	0.46875	0.45625000000000004	0.375	0.375	0.34375	0.3125	0.2875	0.275	0.49375	0.45	0.43125	0.41875	0.19374999999999998	0.04999999999999999	0.1875	0.275	0.35625	0.40625	0.45625000000000004	0.25	0.11250000000000004	0.3062499999999999	0.50625	0.012500000000000011	0.46875	0.39375000000000004	0.43125	0.45	0.34375	0.40625	0.35625	0.34375	0.45	0.41875	0.35625	0.4375	0.28125	0.24375000000000002	0.40625	0.25625	0.28125	0.325	0.33125000000000004	0.15625	0.10625000000000001	0.08749999999999997	0.04375000000000001	0.2	0.42500000000000004	0.39375000000000004	0.41250000000000003	0.41875	0.375	0.34375	0.375	0.3375	0.45625000000000004	0.45	0.3875	0.375
A[C>T]C	0.10625000000000004	0.10624999999999996	0.06875000000000003	0.10000000000000003	0.037500000000000006	0.13750000000000004	0.05625000000000005	0.037500000000000006	0.22499999999999998	0.0	0.39374999999999993	0.062499999999999944	0.24375000000000005	0.17500000000000004	0.18750000000000006	0.18750000000000006	0.06875000000000003	0.14375000000000004	0.07500000000000004	0.06875000000000003	0.23125000000000004	0.25000000000000006	0.19375000000000003	0.20000000000000007	0.025000000000000022	0.03125	0.06874999999999998	0.07500000000000004	0.11250000000000004	0.16250000000000003	0.18125000000000005	0.006249999999999978	0.2437499999999999	0.07499999999999996	0.48750000000000004	0.29999999999999993	0.24375000000000005	0.23125000000000004	0.15000000000000002	0.15000000000000002	0.11875000000000002	0.08750000000000005	0.06250000000000003	0.05000000000000002	0.26875000000000004	0.22500000000000003	0.20625000000000004	0.19375000000000003	0.03125	0.175	0.03749999999999998	0.05000000000000002	0.13125000000000003	0.18125000000000005	0.23125000000000004	0.025000000000000022	0.3375	0.5312499999999999	0.73125	0.21249999999999997	0.24375000000000005	0.16875000000000007	0.20625000000000004	0.22500000000000003	0.11875000000000002	0.18125000000000005	0.13125000000000003	0.11875000000000002	0.22500000000000003	0.19375000000000003	0.13125000000000003	0.21250000000000005	0.05625000000000005	0.018750000000000044	0.18125000000000005	0.03125000000000003	0.05625000000000005	0.10000000000000003	0.10625000000000004	0.06874999999999998	0.11874999999999997	0.1375	0.18124999999999997	0.024999999999999967	0.20000000000000007	0.16875000000000007	0.18750000000000006	0.19375000000000003	0.15000000000000002	0.11875000000000002	0.15000000000000002	0.11250000000000004	0.23125000000000004	0.22500000000000003	0.16250000000000003	0.15000000000000002
A[C>T]G	0.5	0.2875	0.46249999999999997	0.49374999999999997	0.4312499999999999	0.53125	0.44999999999999996	0.4312499999999999	0.16874999999999996	0.39374999999999993	0.0	0.33125	0.6375	0.56875	0.5812499999999999	0.5812499999999999	0.46249999999999997	0.5375	0.46875	0.46249999999999997	0.625	0.6437499999999999	0.5875	0.59375	0.41874999999999996	0.36249999999999993	0.32499999999999996	0.46875	0.50625	0.55625	0.575	0.38749999999999996	0.15000000000000002	0.31875	0.09375000000000011	0.09375	0.6375	0.625	0.54375	0.54375	0.5125	0.48124999999999996	0.45624999999999993	0.44375	0.6625	0.61875	0.6	0.5875	0.36249999999999993	0.21874999999999994	0.35624999999999996	0.44375	0.5249999999999999	0.575	0.625	0.41874999999999996	0.05624999999999991	0.13749999999999996	0.3375	0.18124999999999997	0.6375	0.5625	0.6	0.61875	0.5125	0.575	0.5249999999999999	0.5125	0.61875	0.5875	0.5249999999999999	0.60625	0.44999999999999996	0.4125	0.575	0.42499999999999993	0.44999999999999996	0.49374999999999997	0.5	0.32499999999999996	0.27499999999999997	0.2562499999999999	0.21249999999999997	0.36874999999999997	0.59375	0.5625	0.5812499999999999	0.5875	0.54375	0.5125	0.54375	0.50625	0.625	0.61875	0.55625	0.54375
A[C>T]T	0.16874999999999998	0.04375000000000001	0.13124999999999998	0.16249999999999998	0.09999999999999995	0.19999999999999998	0.11875	0.09999999999999995	0.16250000000000003	0.062499999999999944	0.33125	0.0	0.30624999999999997	0.2375	0.25	0.25	0.13124999999999998	0.20625	0.13749999999999998	0.13124999999999998	0.29374999999999996	0.3125	0.25625	0.2625	0.08749999999999997	0.031249999999999944	0.006250000000000033	0.13749999999999998	0.175	0.22499999999999998	0.24375	0.05624999999999997	0.18124999999999997	0.012500000000000011	0.4250000000000001	0.2375	0.30624999999999997	0.29374999999999996	0.21249999999999997	0.21249999999999997	0.18124999999999997	0.15	0.12499999999999997	0.11249999999999996	0.33125	0.2875	0.26875	0.25625	0.031249999999999944	0.11250000000000004	0.024999999999999967	0.11249999999999996	0.19374999999999998	0.24375	0.29374999999999996	0.08749999999999997	0.2750000000000001	0.46874999999999994	0.66875	0.15000000000000002	0.30624999999999997	0.23125	0.26875	0.2875	0.18124999999999997	0.24375	0.19374999999999998	0.18124999999999997	0.2875	0.25625	0.19374999999999998	0.27499999999999997	0.11875	0.08124999999999999	0.24375	0.09374999999999997	0.11875	0.16249999999999998	0.16874999999999998	0.006250000000000033	0.05625000000000002	0.07500000000000007	0.11875000000000002	0.03749999999999998	0.2625	0.23125	0.25	0.25625	0.21249999999999997	0.18124999999999997	0.21249999999999997	0.175	0.29374999999999996	0.2875	0.22499999999999998	0.21249999999999997
A[T>A]A	0.1375	0.35	0.17500000000000002	0.14375000000000002	0.20625000000000004	0.10625000000000001	0.1875	0.20625000000000004	0.46875	0.24375000000000005	0.6375	0.30624999999999997	0.0	0.06875	0.05625000000000001	0.05625000000000001	0.17500000000000002	0.1	0.16875	0.17500000000000002	0.012500000000000008	0.006249999999999999	0.05	0.04375	0.21875000000000003	0.275	0.3125	0.16875	0.13125	0.08125	0.0625	0.25	0.48749999999999993	0.31875	0.7312500000000001	0.54375	0.0	0.012500000000000008	0.09375000000000001	0.09375000000000001	0.12500000000000003	0.15625	0.18125000000000002	0.19375000000000003	0.024999999999999998	0.018750000000000006	0.037500000000000006	0.05	0.275	0.41875	0.28125	0.19375000000000003	0.11250000000000002	0.0625	0.012500000000000008	0.21875000000000003	0.58125	0.7749999999999999	0.975	0.45625	0.0	0.075	0.037500000000000006	0.018750000000000006	0.12500000000000003	0.0625	0.11250000000000002	0.12500000000000003	0.018750000000000006	0.05	0.11250000000000002	0.03125	0.1875	0.225	0.0625	0.21250000000000002	0.1875	0.14375000000000002	0.1375	0.3125	0.3625	0.38125000000000003	0.425	0.26875	0.04375	0.075	0.05625000000000001	0.05	0.09375000000000001	0.12500000000000003	0.09375000000000001	0.13125	0.012500000000000008	0.018750000000000006	0.08125	0.09375000000000001
A[T>A]C	0.06875	0.28125	0.10625000000000001	0.07500000000000001	0.13750000000000004	0.037500000000000006	0.11875	0.13750000000000004	0.4	0.17500000000000004	0.56875	0.2375	0.06875	0.0	0.012499999999999997	0.012499999999999997	0.10625000000000001	0.03125	0.1	0.10625000000000001	0.056249999999999994	0.075	0.018750000000000003	0.02500000000000001	0.15000000000000002	0.20625000000000004	0.24375000000000002	0.1	0.0625	0.012499999999999997	0.0062500000000000056	0.18125000000000002	0.41874999999999996	0.25	0.6625000000000001	0.475	0.06875	0.056249999999999994	0.02500000000000001	0.02500000000000001	0.05625000000000002	0.0875	0.11250000000000002	0.12500000000000003	0.09375	0.049999999999999996	0.03125	0.018750000000000003	0.20625000000000004	0.35000000000000003	0.21250000000000002	0.12500000000000003	0.04375000000000001	0.0062500000000000056	0.056249999999999994	0.15000000000000002	0.5125000000000001	0.7062499999999999	0.90625	0.3875	0.06875	0.006249999999999992	0.03125	0.049999999999999996	0.05625000000000002	0.0062500000000000056	0.04375000000000001	0.05625000000000002	0.049999999999999996	0.018750000000000003	0.04375000000000001	0.0375	0.11875	0.15625	0.0062500000000000056	0.14375000000000002	0.11875	0.07500000000000001	0.06875	0.24375000000000002	0.29375	0.31250000000000006	0.35625	0.2	0.02500000000000001	0.006249999999999992	0.012499999999999997	0.018750000000000003	0.02500000000000001	0.05625000000000002	0.02500000000000001	0.0625	0.056249999999999994	0.049999999999999996	0.012499999999999997	0.02500000000000001
A[T>A]G	0.08125	0.29375	0.11875000000000001	0.08750000000000001	0.15000000000000002	0.05	0.13124999999999998	0.15000000000000002	0.41250000000000003	0.18750000000000006	0.5812499999999999	0.25	0.05625000000000001	0.012499999999999997	0.0	0.0	0.11875000000000001	0.04375	0.1125	0.11875000000000001	0.04375	0.0625	0.0062500000000000056	0.012500000000000011	0.16250000000000003	0.21875000000000006	0.25625000000000003	0.1125	0.075	0.024999999999999994	0.006249999999999992	0.19375000000000003	0.43124999999999997	0.2625	0.675	0.4875	0.05625000000000001	0.04375	0.037500000000000006	0.037500000000000006	0.06875000000000002	0.09999999999999999	0.125	0.1375	0.08125	0.0375	0.018750000000000003	0.0062500000000000056	0.21875000000000006	0.36250000000000004	0.22500000000000003	0.1375	0.05625000000000001	0.006249999999999992	0.04375	0.16250000000000003	0.525	0.7187499999999999	0.91875	0.4	0.05625000000000001	0.01874999999999999	0.018750000000000003	0.0375	0.06875000000000002	0.006249999999999992	0.05625000000000001	0.06875000000000002	0.0375	0.0062500000000000056	0.05625000000000001	0.025	0.13124999999999998	0.16875	0.006249999999999992	0.15625	0.13124999999999998	0.08750000000000001	0.08125	0.25625000000000003	0.30625	0.32500000000000007	0.36875	0.21250000000000002	0.012500000000000011	0.01874999999999999	0.0	0.0062500000000000056	0.037500000000000006	0.06875000000000002	0.037500000000000006	0.075	0.04375	0.0375	0.024999999999999994	0.037500000000000006
A[T>A]T	0.08125	0.29375	0.11875000000000001	0.08750000000000001	0.15000000000000002	0.05	0.13124999999999998	0.15000000000000002	0.41250000000000003	0.18750000000000006	0.5812499999999999	0.25	0.05625000000000001	0.012499999999999997	0.0	0.0	0.11875000000000001	0.04375	0.1125	0.11875000000000001	0.04375	0.0625	0.0062500000000000056	0.012500000000000011	0.16250000000000003	0.21875000000000006	0.25625000000000003	0.1125	0.075	0.024999999999999994	0.006249999999999992	0.19375000000000003	0.43124999999999997	0.2625	0.675	0.4875	0.05625000000000001	0.04375	0.037500000000000006	0.037500000000000006	0.06875000000000002	0.09999999999999999	0.125	0.1375	0.08125	0.0375	0.018750000000000003	0.0062500000000000056	0.21875000000000006	0.36250000000000004	0.22500000000000003	0.1375	0.05625000000000001	0.006249999999999992	0.04375	0.16250000000000003	0.525	0.7187499999999999	0.91875	0.4	0.05625000000000001	0.01874999999999999	0.018750000000000003	0.0375	0.06875000000000002	0.006249999999999992	0.05625000000000001	0.06875000000000002	0.0375	0.0062500000000000056	0.05625000000000001	0.025	0.13124999999999998	0.16875	0.006249999999999992	0.15625	0.13124999999999998	0.08750000000000001	0.08125	0.25625000000000003	0.30625	0.32500000000000007	0.36875	0.21250000000000002	0.012500000000000011	0.01874999999999999	0.0	0.0062500000000000056	0.037500000000000006	0.06875000000000002	0.037500000000000006	0.075	0.04375	0.0375	0.024999999999999994	0.037500000000000006
A[T>C]A	0.037500000000000006	0.175	0.0	0.03125	0.03125000000000003	0.06875	0.012499999999999983	0.03125000000000003	0.29375	0.06875000000000003	0.46249999999999997	0.13124999999999998	0.17500000000000002	0.10625000000000001	0.11875000000000001	0.11875000000000001	0.0	0.07500000000000001	0.0062500000000000056	0.0	0.1625	0.18125000000000002	0.125	0.13125000000000003	0.04375000000000001	0.10000000000000003	0.1375	0.0062500000000000056	0.04375000000000001	0.09375000000000001	0.11250000000000002	0.07500000000000001	0.31249999999999994	0.14375	0.5562500000000001	0.36874999999999997	0.17500000000000002	0.1625	0.08125	0.08125	0.04999999999999999	0.018750000000000017	0.0062500000000000056	0.018750000000000017	0.2	0.15625	0.1375	0.125	0.10000000000000003	0.24375000000000002	0.10625000000000001	0.018750000000000017	0.0625	0.11250000000000002	0.1625	0.04375000000000001	0.40625000000000006	0.5999999999999999	0.8	0.28125	0.17500000000000002	0.10000000000000002	0.1375	0.15625	0.04999999999999999	0.11250000000000002	0.0625	0.04999999999999999	0.15625	0.125	0.0625	0.14375000000000002	0.012499999999999983	0.04999999999999999	0.11250000000000002	0.037500000000000006	0.012499999999999983	0.03125	0.037500000000000006	0.1375	0.1875	0.20625000000000004	0.25	0.09375	0.13125000000000003	0.10000000000000002	0.11875000000000001	0.125	0.08125	0.04999999999999999	0.08125	0.04375000000000001	0.1625	0.15625	0.09375000000000001	0.08125
A[T>C]C	0.037500000000000006	0.25	0.07500000000000001	0.04375000000000001	0.10625000000000004	0.0062500000000000056	0.0875	0.10625000000000004	0.36875	0.14375000000000004	0.5375	0.20625	0.1	0.03125	0.04375	0.04375	0.07500000000000001	0.0	0.06875	0.07500000000000001	0.0875	0.10625	0.05	0.05625000000000001	0.11875000000000002	0.17500000000000004	0.21250000000000002	0.06875	0.03125	0.018750000000000003	0.037500000000000006	0.15000000000000002	0.38749999999999996	0.21875	0.6312500000000001	0.44375	0.1	0.0875	0.006249999999999992	0.006249999999999992	0.025000000000000022	0.056249999999999994	0.08125000000000002	0.09375000000000003	0.125	0.08124999999999999	0.0625	0.05	0.17500000000000004	0.31875000000000003	0.18125000000000002	0.09375000000000003	0.012500000000000011	0.037500000000000006	0.0875	0.11875000000000002	0.48125000000000007	0.6749999999999999	0.875	0.35625	0.1	0.02500000000000001	0.0625	0.08124999999999999	0.025000000000000022	0.037500000000000006	0.012500000000000011	0.025000000000000022	0.08124999999999999	0.05	0.012500000000000011	0.06875	0.0875	0.125	0.037500000000000006	0.11250000000000002	0.0875	0.04375000000000001	0.037500000000000006	0.21250000000000002	0.2625	0.28125000000000006	0.325	0.16875	0.05625000000000001	0.02500000000000001	0.04375	0.05	0.006249999999999992	0.025000000000000022	0.006249999999999992	0.03125	0.0875	0.08124999999999999	0.018750000000000003	0.006249999999999992
A[T>C]G	0.03125	0.18125	0.0062500000000000056	0.024999999999999994	0.03750000000000003	0.0625	0.01874999999999999	0.03750000000000003	0.30000000000000004	0.07500000000000004	0.46875	0.13749999999999998	0.16875	0.1	0.1125	0.1125	0.0062500000000000056	0.06875	0.0	0.0062500000000000056	0.15625	0.17500000000000002	0.11875000000000001	0.125	0.05000000000000002	0.10625000000000004	0.14375000000000002	0.0	0.037500000000000006	0.08750000000000001	0.10625000000000001	0.08125000000000002	0.31875	0.15	0.5625000000000001	0.375	0.16875	0.15625	0.075	0.075	0.04374999999999998	0.012500000000000011	0.012500000000000011	0.025000000000000022	0.19375	0.15	0.13125	0.11875000000000001	0.10625000000000004	0.25	0.11250000000000002	0.025000000000000022	0.056249999999999994	0.10625000000000001	0.15625	0.05000000000000002	0.4125000000000001	0.60625	0.80625	0.2875	0.16875	0.09375000000000001	0.13125	0.15	0.04374999999999998	0.10625000000000001	0.056249999999999994	0.04374999999999998	0.15	0.11875000000000001	0.056249999999999994	0.1375	0.01874999999999999	0.056249999999999994	0.10625000000000001	0.04375000000000001	0.01874999999999999	0.024999999999999994	0.03125	0.14375000000000002	0.19375	0.21250000000000005	0.25625	0.1	0.125	0.09375000000000001	0.1125	0.11875000000000001	0.075	0.04374999999999998	0.075	0.037500000000000006	0.15625	0.15	0.08750000000000001	0.075
A[T>C]T	0.037500000000000006	0.175	0.0	0.03125	0.03125000000000003	0.06875	0.012499999999999983	0.03125000000000003	0.29375	0.06875000000000003	0.46249999999999997	0.13124999999999998	0.17500000000000002	0.10625000000000001	0.11875000000000001	0.11875000000000001	0.0	0.07500000000000001	0.0062500000000000056	0.0	0.1625	0.18125000000000002	0.125	0.13125000000000003	0.04375000000000001	0.10000000000000003	0.1375	0.0062500000000000056	0.04375000000000001	0.09375000000000001	0.11250000000000002	0.07500000000000001	0.31249999999999994	0.14375	0.5562500000000001	0.36874999999999997	0.17500000000000002	0.1625	0.08125	0.08125	0.04999999999999999	0.018750000000000017	0.0062500000000000056	0.018750000000000017	0.2	0.15625	0.1375	0.125	0.10000000000000003	0.24375000000000002	0.10625000000000001	0.018750000000000017	0.0625	0.11250000000000002	0.1625	0.04375000000000001	0.40625000000000006	0.5999999999999999	0.8	0.28125	0.17500000000000002	0.10000000000000002	0.1375	0.15625	0.04999999999999999	0.11250000000000002	0.0625	0.04999999999999999	0.15625	0.125	0.0625	0.14375000000000002	0.012499999999999983	0.04999999999999999	0.11250000000000002	0.037500000000000006	0.012499999999999983	0.03125	0.037500000000000006	0.1375	0.1875	0.20625000000000004	0.25	0.09375	0.13125000000000003	0.10000000000000002	0.11875000000000001	0.125	0.08125	0.04999999999999999	0.08125	0.04375000000000001	0.1625	0.15625	0.09375000000000001	0.08125
A[T>G]A	0.125	0.3375	0.1625	0.13125	0.19375000000000003	0.09375	0.175	0.19375000000000003	0.45625000000000004	0.23125000000000004	0.625	0.29374999999999996	0.012500000000000008	0.056249999999999994	0.04375	0.04375	0.1625	0.0875	0.15625	0.1625	0.0	0.018750000000000006	0.03749999999999999	0.031249999999999986	0.20625000000000002	0.26250000000000007	0.30000000000000004	0.15625	0.11875	0.06874999999999999	0.04999999999999999	0.23750000000000002	0.475	0.30625	0.7187500000000001	0.53125	0.012500000000000008	0.0	0.08125	0.08125	0.11250000000000002	0.14375	0.16875	0.18125000000000002	0.037500000000000006	0.006249999999999999	0.024999999999999994	0.03749999999999999	0.26250000000000007	0.40625	0.26875000000000004	0.18125000000000002	0.1	0.04999999999999999	0.0	0.20625000000000002	0.5687500000000001	0.7625	0.9625	0.44375	0.012500000000000008	0.062499999999999986	0.024999999999999994	0.006249999999999999	0.11250000000000002	0.04999999999999999	0.1	0.11250000000000002	0.006249999999999999	0.03749999999999999	0.1	0.018749999999999996	0.175	0.2125	0.04999999999999999	0.2	0.175	0.13125	0.125	0.30000000000000004	0.35	0.36875	0.4125	0.25625	0.031249999999999986	0.062499999999999986	0.04375	0.03749999999999999	0.08125	0.11250000000000002	0.08125	0.11875	0.0	0.006249999999999999	0.06874999999999999	0.08125
A[T>G]C	0.14375000000000002	0.35625	0.18125000000000002	0.15000000000000002	0.21250000000000005	0.1125	0.19375	0.21250000000000005	0.47500000000000003	0.25000000000000006	0.6437499999999999	0.3125	0.006249999999999999	0.075	0.0625	0.0625	0.18125000000000002	0.10625	0.17500000000000002	0.18125000000000002	0.018750000000000006	0.0	0.056249999999999994	0.04999999999999999	0.22500000000000003	0.28125000000000006	0.31875000000000003	0.17500000000000002	0.1375	0.0875	0.06874999999999999	0.25625000000000003	0.49374999999999997	0.325	0.7375	0.5499999999999999	0.006249999999999999	0.018750000000000006	0.1	0.1	0.13125000000000003	0.1625	0.18750000000000003	0.20000000000000004	0.01875	0.025000000000000005	0.04375	0.056249999999999994	0.28125000000000006	0.42500000000000004	0.28750000000000003	0.20000000000000004	0.11875000000000001	0.06874999999999999	0.018750000000000006	0.22500000000000003	0.5875	0.7812499999999999	0.98125	0.4625	0.006249999999999999	0.08124999999999999	0.04375	0.025000000000000005	0.13125000000000003	0.06874999999999999	0.11875000000000001	0.13125000000000003	0.025000000000000005	0.056249999999999994	0.11875000000000001	0.037500000000000006	0.19375	0.23125	0.06874999999999999	0.21875000000000003	0.19375	0.15000000000000002	0.14375000000000002	0.31875000000000003	0.36875	0.38750000000000007	0.43125	0.275	0.04999999999999999	0.08124999999999999	0.0625	0.056249999999999994	0.1	0.13125000000000003	0.1	0.1375	0.018750000000000006	0.025000000000000005	0.0875	0.1
A[T>G]G	0.08750000000000001	0.3	0.125	0.09375000000000001	0.15625000000000006	0.05625000000000001	0.1375	0.15625000000000006	0.41875	0.19375000000000003	0.5875	0.25625	0.05	0.018750000000000003	0.0062500000000000056	0.0062500000000000056	0.125	0.05	0.11875000000000001	0.125	0.03749999999999999	0.056249999999999994	0.0	0.0062500000000000056	0.16875	0.22500000000000003	0.2625	0.11875000000000001	0.08125	0.03125	0.012499999999999997	0.2	0.43749999999999994	0.26875	0.6812500000000001	0.49374999999999997	0.05	0.03749999999999999	0.04375000000000001	0.04375000000000001	0.07500000000000002	0.10625	0.13125000000000003	0.14375000000000004	0.075	0.031249999999999993	0.012499999999999997	0.0	0.22500000000000003	0.36875	0.23125	0.14375000000000004	0.06250000000000001	0.012499999999999997	0.03749999999999999	0.16875	0.5312500000000001	0.725	0.925	0.40625	0.05	0.024999999999999994	0.012499999999999997	0.031249999999999993	0.07500000000000002	0.012499999999999997	0.06250000000000001	0.07500000000000002	0.031249999999999993	0.0	0.06250000000000001	0.018749999999999996	0.1375	0.175	0.012499999999999997	0.16250000000000003	0.1375	0.09375000000000001	0.08750000000000001	0.2625	0.3125	0.33125000000000004	0.375	0.21875	0.0062500000000000056	0.024999999999999994	0.0062500000000000056	0.0	0.04375000000000001	0.07500000000000002	0.04375000000000001	0.08125	0.03749999999999999	0.031249999999999993	0.03125	0.04375000000000001
A[T>G]T	0.09375000000000001	0.30625	0.13125000000000003	0.10000000000000002	0.16250000000000003	0.06250000000000001	0.14375	0.16250000000000003	0.42500000000000004	0.20000000000000007	0.59375	0.2625	0.04375	0.02500000000000001	0.012500000000000011	0.012500000000000011	0.13125000000000003	0.05625000000000001	0.125	0.13125000000000003	0.031249999999999986	0.04999999999999999	0.0062500000000000056	0.0	0.17500000000000004	0.23125000000000007	0.26875000000000004	0.125	0.08750000000000001	0.037500000000000006	0.018750000000000003	0.20625000000000004	0.44375	0.275	0.6875000000000001	0.5	0.04375	0.031249999999999986	0.05000000000000002	0.05000000000000002	0.08125000000000003	0.1125	0.1375	0.15000000000000002	0.06874999999999999	0.024999999999999988	0.006249999999999992	0.0062500000000000056	0.23125000000000007	0.37500000000000006	0.23750000000000004	0.15000000000000002	0.06875000000000002	0.018750000000000003	0.031249999999999986	0.17500000000000004	0.5375000000000001	0.73125	0.93125	0.41250000000000003	0.04375	0.03125	0.006249999999999992	0.024999999999999988	0.08125000000000003	0.018750000000000003	0.06875000000000002	0.08125000000000003	0.024999999999999988	0.0062500000000000056	0.06875000000000002	0.01249999999999999	0.14375	0.18125000000000002	0.018750000000000003	0.16875	0.14375	0.10000000000000002	0.09375000000000001	0.26875000000000004	0.31875000000000003	0.3375000000000001	0.38125000000000003	0.22500000000000003	0.0	0.03125	0.012500000000000011	0.0062500000000000056	0.05000000000000002	0.08125000000000003	0.05000000000000002	0.08750000000000001	0.031249999999999986	0.024999999999999988	0.037500000000000006	0.05000000000000002
C[C>A]A	0.08125000000000002	0.13124999999999998	0.04375000000000001	0.07500000000000001	0.012499999999999983	0.11250000000000002	0.03125000000000003	0.012499999999999983	0.25	0.025000000000000022	0.41874999999999996	0.08749999999999997	0.21875000000000003	0.15000000000000002	0.16250000000000003	0.16250000000000003	0.04375000000000001	0.11875000000000002	0.05000000000000002	0.04375000000000001	0.20625000000000002	0.22500000000000003	0.16875	0.17500000000000004	0.0	0.05625000000000002	0.09375	0.05000000000000002	0.08750000000000002	0.1375	0.15625000000000003	0.03125	0.26874999999999993	0.09999999999999998	0.5125000000000001	0.32499999999999996	0.21875000000000003	0.20625000000000002	0.125	0.125	0.09375	0.06250000000000003	0.037500000000000006	0.024999999999999994	0.24375000000000002	0.2	0.18125000000000002	0.16875	0.05625000000000002	0.2	0.0625	0.024999999999999994	0.10625000000000001	0.15625000000000003	0.20625000000000002	0.0	0.36250000000000004	0.5562499999999999	0.75625	0.2375	0.21875000000000003	0.14375000000000004	0.18125000000000002	0.2	0.09375	0.15625000000000003	0.10625000000000001	0.09375	0.2	0.16875	0.10625000000000001	0.18750000000000003	0.03125000000000003	0.006249999999999978	0.15625000000000003	0.0062500000000000056	0.03125000000000003	0.07500000000000001	0.08125000000000002	0.09375	0.14375	0.16250000000000003	0.20625	0.04999999999999999	0.17500000000000004	0.14375000000000004	0.16250000000000003	0.16875	0.125	0.09375	0.125	0.08750000000000002	0.20625000000000002	0.2	0.1375	0.125
C[C>A]C	0.13750000000000004	0.07499999999999996	0.10000000000000003	0.13125000000000003	0.06875	0.16875000000000004	0.08750000000000005	0.06875	0.19374999999999998	0.03125	0.36249999999999993	0.031249999999999944	0.275	0.20625000000000004	0.21875000000000006	0.21875000000000006	0.10000000000000003	0.17500000000000004	0.10625000000000004	0.10000000000000003	0.26250000000000007	0.28125000000000006	0.22500000000000003	0.23125000000000007	0.05625000000000002	0.0	0.03749999999999998	0.10625000000000004	0.14375000000000004	0.19375000000000003	0.21250000000000005	0.025000000000000022	0.2124999999999999	0.043749999999999956	0.45625000000000004	0.26874999999999993	0.275	0.26250000000000007	0.18125000000000002	0.18125000000000002	0.15000000000000002	0.11875000000000005	0.09375000000000003	0.08125000000000002	0.30000000000000004	0.25625000000000003	0.23750000000000004	0.22500000000000003	0.0	0.14375	0.006249999999999978	0.08125000000000002	0.16250000000000003	0.21250000000000005	0.26250000000000007	0.05625000000000002	0.30625	0.4999999999999999	0.7	0.18124999999999997	0.275	0.20000000000000007	0.23750000000000004	0.25625000000000003	0.15000000000000002	0.21250000000000005	0.16250000000000003	0.15000000000000002	0.25625000000000003	0.22500000000000003	0.16250000000000003	0.24375000000000005	0.08750000000000005	0.050000000000000044	0.21250000000000005	0.06250000000000003	0.08750000000000005	0.13125000000000003	0.13750000000000004	0.03749999999999998	0.08749999999999997	0.10625000000000001	0.14999999999999997	0.006250000000000033	0.23125000000000007	0.20000000000000007	0.21875000000000006	0.22500000000000003	0.18125000000000002	0.15000000000000002	0.18125000000000002	0.14375000000000004	0.26250000000000007	0.25625000000000003	0.19375000000000003	0.18125000000000002
