	A[C>A]A	A[C>A]C	A[C>A]G	A[C>A]T	A[C>G]A	A[C>G]C	A[C>G]G	A[C>G]T	A[C>T]A	A[C>T]C	A[C>T]G	A[C>T]T	A[T>A]A	A[T>A]C	A[T>A]G	A[T>A]T	A[T>C]A	A[T>C]C	A[T>C]G	A[T>C]T	A[T>G]A	A[T>G]C	A[T>G]G	A[T>G]T	C[C>A]A	C[C>A]C	C[C>A]G	C[C>A]T	C[C>G]A	C[C>G]C	C[C>G]G	C[C>G]T	C[C>T]A	C[C>T]C	C[C>T]G	C[C>T]T	C[T>A]A	C[T>A]C	C[T>A]G	C[T>A]T	C[T>C]A	C[T>C]C	C[T>C]G	C[T>C]T	C[T>G]A	C[T>G]C	C[T>G]G	C[T>G]T	G[C>A]A	G[C>A]C	G[C>A]G	G[C>A]T	G[C>G]A	G[C>G]C	G[C>G]G	G[C>G]T	G[C>T]A	G[C>T]C	G[C>T]G	G[C>T]T	G[T>A]A	G[T>A]C	G[T>A]G	G[T>A]T	G[T>C]A	G[T>C]C	G[T>C]G	G[T>C]T	G[T>G]A	G[T>G]C	G[T>G]G	G[T>G]T	T[C>A]A	T[C>A]C	T[C>A]G	T[C>A]T	T[C>G]A	T[C>G]C	T[C>G]G	T[C>G]T	T[C>T]A	T[C>T]C	T[C>T]G	T[C>T]T	T[T>A]A	T[T>A]C	T[T>A]G	T[T>A]T	T[T>C]A	T[T>C]C	T[T>C]G	T[T>C]T	T[T>G]A	T[T>G]C	T[T>G]G	T[T>G]T
A[C>A]A	0.0	0.0015511470324108094	0.013307208751734835	0.00481671973222304	0.003918687239774676	0.01069475059188505	0.013715405339211366	0.00612294881214793	0.041799330557596534	0.03608457833292514	0.3398644787329578	0.025553106376030695	0.01608294554657523	0.011429504449342803	0.015103273736631562	0.011347865131847497	0.008490489019511799	0.0004898359049718345	0.009959996734427302	0.0008980324924483633	0.016409502816556454	0.014858355784145644	0.01665442076904237	0.002775736794840394	0.012000979671809946	0.00808229243203527	0.0015511470324108094	0.06914850191852397	0.0004081965874765288	0.010041636051922606	0.011429504449342803	0.0021226222548779497	0.06776063352110377	0.05298391705445342	0.39586905053473753	0.06563801126622582	0.017715731896481346	0.010613111274389745	0.010858029226875662	0.010449832639399135	0.011102947179361581	0.0013878683974201979	0.016082945546575234	0.00032655726998122303	0.018287207118948486	0.013960323291697281	0.010776389909380357	0.0058780308596620146	0.006041309494652626	0.008327210384521184	0.006776063352110378	0.03698261082537349	0.008980324924483632	0.01069475059188505	0.017960649848967263	0.005714752224671403	0.09608947669197486	0.13903175769450568	0.5959670177157319	0.10302881867907585	0.016817699404032983	0.014123601926687893	0.014776716466650339	0.015266552371622173	0.0271042534084415	0.028247203853375796	0.03665605355539228	0.014450159196669112	0.0170626173565189	0.013062290799248918	0.012735733529267695	0.006612784717119766	0.09143603559474243	0.06098457016899338	0.012000979671809946	0.17691240101232755	0.5829863662339784	0.15797207935341662	0.06302555310637603	0.6068250469426076	0.9817127928810515	0.34182382235284514	0.6038860315127765	0.537513266389093	0.011919340354314639	0.01379704465670667	0.016409502816556454	0.011919340354314639	0.0058780308596620146	0.006041309494652626	0.003918687239774676	0.0026124581598497842	0.014613437831659727	0.008980324924483632	0.01379704465670667	0.03673769287288757
A[C>A]C	0.0015511470324108094	0.0	0.014858355784145644	0.0032655726998122303	0.005469834272185486	0.01224589762429586	0.015266552371622175	0.0076740958445587395	0.04024818352518572	0.03453343130051433	0.33831333170054695	0.024001959343619886	0.01763409257898604	0.012980651481753612	0.01665442076904237	0.012899012164258306	0.006939341987100989	0.0010613111274389748	0.008408849702016493	0.0006531145399624461	0.017960649848967263	0.016409502816556454	0.01820556780145318	0.004326883827251203	0.010449832639399137	0.006531145399624461	0.003102294064821619	0.06759735488611315	0.001959343619887338	0.011592783084333416	0.012980651481753612	0.0005714752224671403	0.06620948648869296	0.05143277002204261	0.3943179035023267	0.06408686423381502	0.019266878928892155	0.012164258306800554	0.012409176259286472	0.012000979671809945	0.01265409421177239	0.00016327863499061152	0.014531798514164425	0.0012245897624295864	0.019838354151359296	0.01551147032410809	0.012327536941791166	0.004326883827251205	0.004490162462241817	0.006776063352110374	0.008327210384521187	0.035431463792962685	0.010531471956894441	0.01224589762429586	0.019511796881378073	0.007265899257082212	0.09453832965956405	0.13748061066209488	0.5944158706833211	0.10147767164666505	0.018368846436443792	0.015674748959098702	0.016327863499061148	0.016817699404032983	0.025553106376030692	0.026696056820964986	0.03510490652298147	0.012899012164258303	0.01861376438892971	0.014613437831659727	0.014286880561678504	0.008163931749530576	0.08988488856233162	0.05943342313658257	0.010449832639399137	0.17536125397991675	0.5814352192015676	0.15642093232100582	0.061474406073965225	0.6052738999101969	0.9801616458486407	0.3402726753204343	0.6023348844803658	0.5359621193566823	0.013470487386725448	0.015348191689117479	0.017960649848967263	0.013470487386725448	0.007429177892072824	0.004490162462241817	0.002367540207363867	0.0010613111274389748	0.016164584864070537	0.010531471956894441	0.015348191689117479	0.035186545840476764
A[C>A]G	0.013307208751734835	0.014858355784145644	0.0	0.018123928483957875	0.009388521511960159	0.0026124581598497842	0.00040819658747652966	0.007184259939586906	0.05510653930933137	0.04939178708465998	0.35317168748469263	0.038860315127765534	0.002775736794840395	0.0018777043023920324	0.0017960649848967267	0.001959343619887338	0.021797697771246634	0.01379704465670667	0.023267205486162137	0.014205241244183198	0.003102294064821619	0.001551147032410809	0.003347212017307535	0.010531471956894443	0.02530818842354478	0.021389501183770105	0.011756061719324026	0.08245571067025881	0.012899012164258306	0.0032655726998122294	0.0018777043023920324	0.015429831006612785	0.08106784227283861	0.06629112580618826	0.4091762592864724	0.07894522001796066	0.00440852314474651	0.00269409747734509	0.0024491795248591727	0.0028573761123357007	0.0022042615723732546	0.014695077149155033	0.02939015429831007	0.013633766021716058	0.00497999836721365	0.0006531145399624452	0.0025308188423544785	0.01918523961139685	0.01934851824638746	0.02163441913625602	0.006531145399624458	0.05028981957710833	0.004326883827251204	0.0026124581598497842	0.004653441097232427	0.007592456527063433	0.1093966854437097	0.1523389664462405	0.6092742264674668	0.11633602743081069	0.003510490652298147	0.0008163931749530576	0.0014695077149155032	0.001959343619887338	0.04041146216017634	0.041554412605110634	0.04996326230712712	0.027757367948403947	0.003755408604784064	0.0002449179524859173	0.0005714752224671403	0.0066944240346150695	0.10474324434647728	0.07429177892072822	0.02530818842354478	0.19021960976406238	0.5962935749857132	0.17127928810515144	0.07633276185811087	0.6201322556943425	0.9950200016327864	0.35513103110458	0.6171932402645114	0.5508204751408279	0.001387868397420197	0.0004898359049718337	0.003102294064821619	0.001387868397420197	0.007429177892072821	0.01934851824638746	0.01722589599150951	0.01591966691158462	0.0013062290799248913	0.004326883827251204	0.0004898359049718337	0.05004490162462241
A[C>A]T	0.00481671973222304	0.0032655726998122303	0.018123928483957875	0.0	0.008735406971997716	0.01551147032410809	0.018532125071434404	0.01093966854437097	0.03698261082537349	0.0312678586007021	0.33504775900073475	0.020736386643807656	0.02089966527879827	0.016246224181565842	0.0199199934688546	0.016164584864070537	0.003673769287288759	0.004326883827251205	0.005143277002204263	0.003918687239774676	0.021226222548779494	0.019675075516368684	0.02147114050126541	0.007592456527063434	0.007184259939586907	0.0032655726998122303	0.006367866764633849	0.06433178218630092	0.0052249163196995685	0.014858355784145646	0.016246224181565842	0.00269409747734509	0.06294391378888073	0.04816719732223038	0.3910523308025145	0.06082129153400278	0.022532451628704386	0.015429831006612785	0.015674748959098702	0.015266552371622175	0.01591966691158462	0.003428851334802842	0.011266225814352195	0.004490162462241817	0.023103926851171526	0.01877704302392032	0.015593109641603396	0.0010613111274389748	0.0012245897624295864	0.003510490652298144	0.011592783084333418	0.032165891093150455	0.013797044656706671	0.01551147032410809	0.022777369581190303	0.010531471956894443	0.09127275695975182	0.13421503796228265	0.5911502979835088	0.09821209894685282	0.021634419136256022	0.018940321658910932	0.01959343619887338	0.020083272103845213	0.02228753367621846	0.023430484121152756	0.03183933382316924	0.009633439464446072	0.02187933708874194	0.017879010531471957	0.017552453261490734	0.011429504449342806	0.08661931586251939	0.05616785043677034	0.007184259939586907	0.17209568128010452	0.5781696465017553	0.1531553596211936	0.058208833374152995	0.6020083272103846	0.9768960731488284	0.3370071026206221	0.5990693117805534	0.5326965466568699	0.016736060086537677	0.01861376438892971	0.021226222548779494	0.016736060086537677	0.010694750591885054	0.0012245897624295864	0.0008980324924483633	0.0022042615723732555	0.019430157563882767	0.013797044656706671	0.01861376438892971	0.031920973140664534
A[C>G]A	0.003918687239774676	0.005469834272185486	0.009388521511960159	0.008735406971997716	0.0	0.006776063352110375	0.00979671809943669	0.0022042615723732537	0.04571801779737121	0.040003265572699814	0.34378316597273245	0.02947179361580537	0.012164258306800554	0.007510817209568127	0.011184586496856885	0.007429177892072821	0.012409176259286475	0.004408523144746511	0.013878683974201979	0.00481671973222304	0.012490815576781777	0.010939668544370968	0.012735733529267695	0.0011429504449342823	0.015919666911584623	0.012000979671809946	0.002367540207363867	0.07306718915829864	0.0035104906522981476	0.00612294881214793	0.007510817209568127	0.006041309494652626	0.07167932076087845	0.056902604294228096	0.3997877377745122	0.06955669850600049	0.01379704465670667	0.0066944240346150695	0.006939341987100987	0.006531145399624459	0.007184259939586905	0.005306555637194874	0.02000163278634991	0.004245244509755899	0.01436851987917381	0.010041636051922605	0.006857702669605681	0.009796718099436691	0.009959996734427302	0.01224589762429586	0.0028573761123357015	0.04090129806514817	0.005061637684708955	0.006776063352110375	0.014041962609192587	0.0017960649848967267	0.10000816393174954	0.14295044493428036	0.5998857049555066	0.10694750591885052	0.012899012164258306	0.010204914686913216	0.010858029226875662	0.011347865131847497	0.031022940648216178	0.032165891093150475	0.04057474079516696	0.01836884643644379	0.013143930116744224	0.009143603559474241	0.008817046289493018	0.00269409747734509	0.09535472283451711	0.06490325740876805	0.015919666911584623	0.18083108825210223	0.5869050534737531	0.1618907665931913	0.06694424034615071	0.6107437341823824	0.9856314801208262	0.3457425095926198	0.6078047187525513	0.5414319536288678	0.008000653114539963	0.009878357416931993	0.012490815576781777	0.008000653114539963	0.001959343619887338	0.009959996734427302	0.007837374479549353	0.006531145399624461	0.01069475059188505	0.005061637684708955	0.009878357416931993	0.040656380112662246
A[C>G]C	0.01069475059188505	0.01224589762429586	0.0026124581598497842	0.01551147032410809	0.006776063352110375	0.0	0.003020654747326314	0.0045718017797371216	0.052494081149481585	0.046779328924810196	0.35055922932484285	0.03624785696791575	0.005388194954690179	0.0007347538574577518	0.004408523144746511	0.0006531145399624461	0.01918523961139685	0.011184586496856885	0.020654747326312353	0.011592783084333414	0.005714752224671403	0.004163605192260594	0.0059596701771573194	0.007919013797044658	0.022695730263694997	0.01877704302392032	0.009143603559474241	0.07984325251040902	0.010286554004408522	0.0006531145399624452	0.0007347538574577518	0.012817372846763	0.07845538411298883	0.06367866764633848	0.4065638011266226	0.07633276185811087	0.007020981304596294	8.163931749530576e-05	0.00016327863499061152	0.0002449179524859164	0.00040819658747652966	0.012082618989305249	0.026777696138460285	0.011021307861866274	0.007592456527063435	0.0032655726998122294	8.163931749530576e-05	0.016572781451547065	0.016736060086537677	0.019021960976406235	0.003918687239774674	0.04767736141725855	0.00171442566740142	0.0	0.0072658992570822116	0.004979998367213649	0.10678422728385992	0.14972650828639072	0.606661768307617	0.1137235692709609	0.006122948812147932	0.003428851334802842	0.004081965874765288	0.004571801779737122	0.037799004000326555	0.03894195444526085	0.04735080414727733	0.025144909788554163	0.006367866764633848	0.002367540207363867	0.002040982937382644	0.004081965874765285	0.10213078618662749	0.07167932076087843	0.022695730263694997	0.1876071516042126	0.5936811168258634	0.16866682994530166	0.07372030369826109	0.6175197975344927	0.9924075434729366	0.3525185729447302	0.6145807821046616	0.5482080169809781	0.0012245897624295872	0.003102294064821618	0.005714752224671403	0.0012245897624295872	0.004816719732223037	0.016736060086537677	0.014613437831659727	0.013307208751734835	0.0039186872397746755	0.00171442566740142	0.003102294064821618	0.04743244346477263
A[C>G]G	0.013715405339211366	0.015266552371622175	0.00040819658747652966	0.018532125071434404	0.00979671809943669	0.003020654747326314	0.0	0.0075924565270634355	0.055514735896807894	0.049799983672136505	0.35357988407216917	0.03926851171524206	0.0023675402073638652	0.002285900889868562	0.001387868397420197	0.002367540207363868	0.022205894358723166	0.0142052412441832	0.02367540207363867	0.014613437831659729	0.002694097477345089	0.0011429504449342793	0.0029390154298310055	0.010939668544370972	0.02571638501102131	0.021797697771246634	0.012164258306800556	0.08286390725773533	0.013307208751734837	0.003673769287288759	0.002285900889868562	0.015838027594089317	0.08147603886031514	0.06669932239366479	0.4095844558739489	0.07935341660543718	0.00400032655726998	0.0031022940648216197	0.0028573761123357024	0.0032655726998122303	0.0026124581598497842	0.015103273736631563	0.029798350885786598	0.014041962609192589	0.004571801779737121	0.00024491795248591554	0.002939015429831008	0.019593436198873382	0.019756714833863993	0.022042615723732548	0.006939341987100988	0.05069801616458486	0.004735080414727734	0.003020654747326314	0.004245244509755898	0.008000653114539963	0.10980488203118623	0.15274716303371705	0.6096824230549432	0.11674422401828721	0.0031022940648216175	0.0004081965874765279	0.0010613111274389735	0.0015511470324108085	0.040819658747652865	0.04196260919258716	0.05037145889460364	0.028165564535880476	0.0033472120173075343	0.0006531145399624469	0.00097967180994367	0.007102620622091599	0.1051514409339538	0.07469997550820474	0.02571638501102131	0.19062780635153892	0.5967017715731897	0.17168748469262798	0.0767409584455874	0.620540452281819	0.9954281982202628	0.35553922769205654	0.6176014368519879	0.5512286717283044	0.0017960649848967267	8.163931749530402e-05	0.002694097477345089	0.0017960649848967267	0.007837374479549351	0.019756714833863993	0.017634092578986044	0.01632786349906115	0.0008980324924483616	0.004735080414727734	8.163931749530402e-05	0.05045309821209894
A[C>G]T	0.00612294881214793	0.0076740958445587395	0.007184259939586906	0.01093966854437097	0.0022042615723732537	0.0045718017797371216	0.0075924565270634355	0.0	0.04792227936974446	0.04220752714507307	0.3459874275451057	0.03167605518817863	0.0099599967344273	0.005306555637194873	0.008980324924483633	0.005224916319699568	0.014613437831659729	0.006612784717119765	0.01608294554657523	0.007020981304596293	0.010286554004408524	0.008735406971997714	0.010531471956894441	0.003347212017307536	0.018123928483957878	0.0142052412441832	0.004571801779737121	0.0752714507306719	0.005714752224671401	0.003918687239774676	0.005306555637194873	0.00824557106702588	0.07388358233325171	0.059106865866601355	0.40199199934688545	0.07176096007837375	0.011592783084333416	0.004490162462241816	0.004735080414727733	0.004326883827251205	0.004979998367213651	0.007510817209568128	0.022205894358723166	0.006449506082129153	0.012164258306800556	0.007837374479549351	0.004653441097232427	0.012000979671809945	0.012164258306800556	0.014450159196669114	0.0006531145399624478	0.043105559637521426	0.0028573761123357015	0.0045718017797371216	0.011837701036819333	0.00040819658747652705	0.1022124255041228	0.1451547065066536	0.6020899665278798	0.10915176749122378	0.010694750591885053	0.008000653114539964	0.008653767654502409	0.009143603559474245	0.03322720222058943	0.03437015266552373	0.04277900236754021	0.020573108008817044	0.01093966854437097	0.0069393419871009885	0.0066127847171197655	0.0004898359049718363	0.09755898440689037	0.06710751898114131	0.018123928483957878	0.18303534982447547	0.5891093150461263	0.16409502816556454	0.06914850191852397	0.6129479957547556	0.9878357416931994	0.34794677116499306	0.6100089803249245	0.543636215201241	0.005796391542166709	0.0076740958445587395	0.010286554004408524	0.005796391542166709	0.00024491795248591554	0.012164258306800556	0.010041636051922606	0.008735406971997714	0.008490489019511797	0.0028573761123357015	0.0076740958445587395	0.042860641685035505
A[C>T]A	0.041799330557596534	0.04024818352518572	0.05510653930933137	0.03698261082537349	0.04571801779737121	0.052494081149481585	0.055514735896807894	0.04792227936974446	0.0	0.005714752224671389	0.2980651481753612	0.016246224181565835	0.057882276104171765	0.05322883500693933	0.056902604294228096	0.05314719568944403	0.033308841538084735	0.04130949465262469	0.031839333823169225	0.04090129806514817	0.05820883337415299	0.056657686341742175	0.0584537513266389	0.04457506735243692	0.029798350885786584	0.03371703812556126	0.04335047759000734	0.02734917136092744	0.04220752714507306	0.05184096660951914	0.05322883500693933	0.03967670830271858	0.025961302963507245	0.011184586496856892	0.354069719977141	0.023838680708629288	0.05951506245407787	0.052412441831986276	0.052657359784472196	0.052249163196995664	0.05290227773695811	0.04041146216017633	0.025716385011021296	0.04147277328761531	0.06008653767654502	0.05575965384929381	0.05257572046697689	0.03592129969793452	0.0357580210629439	0.03347212017307535	0.04857539390970691	0.004816719732223036	0.05077965548208016	0.052494081149481585	0.059759980406563794	0.04751408278226793	0.05429014613437833	0.09723242713690916	0.5541676871581354	0.06122948812147932	0.05861702996162951	0.05592293248428443	0.05657604702424687	0.05706588292921871	0.01469507714915503	0.013552126704220735	0.005143277002204252	0.02734917136092742	0.058861947914115434	0.05486162135684545	0.054535064086864225	0.0484121152747163	0.04963670503714591	0.01918523961139685	0.029798350885786584	0.13511307045473103	0.5411870356763818	0.1161727487958201	0.021226222548779504	0.5650257163850111	0.939913462323455	0.3000244917952486	0.56208670095518	0.4957139358314965	0.05371867091191117	0.055596375214303204	0.05820883337415299	0.05371867091191117	0.04767736141725855	0.0357580210629439	0.03788064331782186	0.03918687239774675	0.056412768389256254	0.05077965548208016	0.055596375214303204	0.005061637684708957
A[C>T]C	0.03608457833292514	0.03453343130051433	0.04939178708465998	0.0312678586007021	0.040003265572699814	0.046779328924810196	0.049799983672136505	0.04220752714507307	0.005714752224671389	0.0	0.30377990040003267	0.010531471956894446	0.05216752387950037	0.047514082782267944	0.05118785206955671	0.04743244346477264	0.027594089313413343	0.03559474242795331	0.02612458159849784	0.03518654584047678	0.0524940811494816	0.050942934117070786	0.05273899910196751	0.038860315127765534	0.024083598661115195	0.02800228590088987	0.03763572536533595	0.03306392358559883	0.03649277492040167	0.04612621438484775	0.047514082782267944	0.033961956078047195	0.031676055188178634	0.01689933872152828	0.3597844722018124	0.029553432933300677	0.053800310229406484	0.046697689607314886	0.04694260755980081	0.046534410972324275	0.04718752551228672	0.034696709935504944	0.020001632786349907	0.035758021062943915	0.05437178545187363	0.050044901624622426	0.0468609682423055	0.030206547473263127	0.030043268838272515	0.027757367948403958	0.04286064168503552	0.0008980324924483529	0.04506490325740877	0.046779328924810196	0.054045228181892405	0.04179933055759655	0.06000489835904972	0.10294717936158054	0.5598824393828068	0.06694424034615071	0.052902277736958124	0.05020818025961304	0.050861294799575484	0.05135113070454732	0.00898032492448364	0.007837374479549346	0.0005714752224671368	0.02163441913625603	0.053147195689444045	0.04914686913217406	0.048820311862192836	0.04269736305004491	0.0553514572618173	0.02489999183606824	0.024083598661115195	0.14082782267940241	0.5469017879010533	0.12188750102049148	0.026940974773450893	0.5707404686096825	0.9456282145481264	0.30573924401992003	0.5678014531798514	0.5014286880561679	0.04800391868723978	0.04988162298963181	0.0524940811494816	0.04800391868723978	0.04196260919258715	0.030043268838272515	0.03216589109315046	0.033472120173075354	0.05069801616458487	0.04506490325740877	0.04988162298963181	0.0006531145399624322
A[C>T]G	0.3398644787329578	0.33831333170054695	0.35317168748469263	0.33504775900073475	0.34378316597273245	0.35055922932484285	0.35357988407216917	0.3459874275451057	0.2980651481753612	0.30377990040003267	0.0	0.3143113723569271	0.355947424279533	0.3512939831823006	0.35496775246958934	0.35121234386480527	0.331373989713446	0.33937464282798596	0.32990448199853045	0.3389664462405094	0.35627398154951423	0.3547228345171034	0.35651889950200016	0.34264021552779816	0.3278634990611478	0.3317821863009225	0.3414156257653686	0.2707159768144338	0.3402726753204343	0.3499061147848804	0.3512939831823006	0.3377418564780798	0.272103845211854	0.28688056167850434	0.05600457180177976	0.27422646746673196	0.3575802106294391	0.3504775900073475	0.35072250795983345	0.3503143113723569	0.3509674259123194	0.33847661033553755	0.32378153318638253	0.33953792146297657	0.35815168585190627	0.35382480202465505	0.3506408686423381	0.3339864478732958	0.33382316923830513	0.3315372683484366	0.34664054208506817	0.3028818679075843	0.3488448036574414	0.35055922932484285	0.35782512858192506	0.34557923095762916	0.2437750020409829	0.2008327210384521	0.25610253898277413	0.23683566005388193	0.35668217813699077	0.35398808065964565	0.35464119519960813	0.35513103110457994	0.3127602253245163	0.31161727487958196	0.3032084251775655	0.3254143195362887	0.3569270960894767	0.3529267695322067	0.3526002122622255	0.34647726345007757	0.24842844313821533	0.2788799085639644	0.3278634990611478	0.16295207772063022	0.2431218875010206	0.18189239937954116	0.27683892562658174	0.26696056820964986	0.6418483141480937	0.001959343619887366	0.26402155277981876	0.19764878765613525	0.3517838190872724	0.35366152338966445	0.35627398154951423	0.3517838190872724	0.3457425095926198	0.33382316923830513	0.3359457914931831	0.337252020573108	0.3544779165646175	0.3488448036574414	0.35366152338966445	0.3031267858600702
A[C>T]T	0.025553106376030695	0.024001959343619886	0.038860315127765534	0.020736386643807656	0.02947179361580537	0.03624785696791575	0.03926851171524206	0.03167605518817863	0.016246224181565835	0.010531471956894446	0.3143113723569271	0.0	0.04163605192260593	0.0369826108253735	0.04065638011266226	0.036900971507878196	0.017062617356518896	0.02506327047105886	0.015593109641603393	0.024655073883582332	0.04196260919258715	0.04041146216017634	0.042207527145073066	0.028328843170871087	0.013552126704220749	0.017470813943995425	0.027104253408441505	0.043595395542493275	0.025961302963507224	0.0355947424279533	0.0369826108253735	0.023430484121152746	0.04220752714507308	0.027430810678422728	0.37031594415870683	0.040084904890195124	0.04326883827251204	0.03616621765042044	0.03641113560290636	0.03600293901542983	0.036656053555392275	0.024165237978610497	0.009470160829455461	0.025226549106049472	0.04384031349497918	0.03951342966772797	0.03632949628541105	0.01967507551636868	0.01951179688137807	0.01722589599150951	0.03232916972814107	0.0114295044493428	0.034533431300514325	0.03624785696791575	0.04351375622499796	0.031267858600702095	0.07053637031594417	0.11347865131847498	0.5704139113397012	0.07747571230304515	0.04237080578006368	0.03967670830271859	0.04032982284268104	0.04081965874765287	0.001551147032410806	0.0026940974773451004	0.011102947179361583	0.011102947179361583	0.0426157237325496	0.03861539717527961	0.03828883990529839	0.03216589109315046	0.06588292921871175	0.035431463792962685	0.013552126704220749	0.15135929463629685	0.5574332598579477	0.13241897297738592	0.03747244673034534	0.5812719405665769	0.9561596865050208	0.31627071597681444	0.5783329251367458	0.5119601600130623	0.03747244673034533	0.03935015103273737	0.04196260919258715	0.03747244673034533	0.03143113723569271	0.01951179688137807	0.02163441913625602	0.02294064821618091	0.04016654420769042	0.034533431300514325	0.03935015103273737	0.011184586496856878
A[T>A]A	0.01608294554657523	0.01763409257898604	0.002775736794840395	0.02089966527879827	0.012164258306800554	0.005388194954690179	0.0023675402073638652	0.0099599967344273	0.057882276104171765	0.05216752387950037	0.355947424279533	0.04163605192260593	0.0	0.004653441097232427	0.0009796718099436682	0.004735080414727733	0.02457343456608703	0.016572781451547065	0.026042942281002533	0.016980978039023594	0.0003265572699812237	0.001224589762429586	0.0005714752224671405	0.013307208751734837	0.028083925218385177	0.0241652379786105	0.014531798514164421	0.0852314474650992	0.015674748959098702	0.006041309494652624	0.004653441097232427	0.01820556780145318	0.083843579067679	0.06906686260102865	0.4119519960813128	0.08172095681280105	0.0016327863499061152	0.005469834272185485	0.005224916319699568	0.0056331129071760955	0.0049799983672136495	0.01747081394399543	0.03216589109315046	0.016409502816556454	0.0022042615723732555	0.0021226222548779497	0.005306555637194873	0.021960976406237245	0.022124255041227857	0.024410155931096415	0.009306882194464853	0.05306555637194872	0.007102620622091599	0.005388194954690179	0.0018777043023920326	0.010368193321903828	0.11217242223855009	0.15511470324108093	0.6120499632623071	0.11911176422565108	0.0007347538574577523	0.0019593436198873373	0.0013062290799248917	0.0008163931749530567	0.04318719895501673	0.04433014939995103	0.05273899910196751	0.030533104743244343	0.0009796718099436693	0.003020654747326312	0.003347212017307535	0.009470160829455464	0.10751898114131767	0.07706751571556861	0.028083925218385177	0.1929953465589028	0.5990693117805536	0.17405502489999186	0.07910849865295126	0.6229079924891828	0.9977957384276267	0.3579067678994204	0.6199689770593517	0.5535962119356682	0.004163605192260592	0.002285900889868561	0.0003265572699812237	0.004163605192260592	0.010204914686913216	0.022124255041227857	0.020001632786349907	0.018695403706425015	0.0014695077149155036	0.007102620622091599	0.002285900889868561	0.0528206384194628
A[T>A]C	0.011429504449342803	0.012980651481753612	0.0018777043023920324	0.016246224181565842	0.007510817209568127	0.0007347538574577518	0.002285900889868562	0.005306555637194873	0.05322883500693933	0.047514082782267944	0.3512939831823006	0.0369826108253735	0.004653441097232427	0.0	0.003673769287288759	8.163931749530576e-05	0.0199199934688546	0.011919340354314637	0.021389501183770105	0.012327536941791166	0.004979998367213651	0.0034288513348028414	0.005224916319699568	0.00865376765450241	0.02343048412115275	0.019511796881378073	0.009878357416931993	0.08057800636786677	0.011021307861866274	0.001387868397420197	0.0	0.013552126704220752	0.07919013797044658	0.06441342150379623	0.40729855498408035	0.07706751571556862	0.0062862274471385425	0.0008163931749530576	0.0005714752224671403	0.0009796718099436682	0.00032655726998122216	0.012817372846763	0.027512449995918037	0.011756061719324026	0.006857702669605683	0.0025308188423544776	0.0006531145399624461	0.017307535309004817	0.01747081394399543	0.019756714833863986	0.004653441097232426	0.0484121152747163	0.002449179524859172	0.0007347538574577518	0.00653114539962446	0.0057147522246714004	0.10751898114131767	0.1504612621438485	0.6073965221650747	0.11445832312841865	0.00538819495469018	0.00269409747734509	0.0033472120173075356	0.0038370479222793706	0.038533757857784304	0.0396767083027186	0.04808555800473508	0.025879663646011915	0.005633112907176096	0.0016327863499061152	0.0013062290799248921	0.004816719732223037	0.10286554004408524	0.07241407461833618	0.02343048412115275	0.18834190546167037	0.5944158706833211	0.16940158380275944	0.07445505755571884	0.6182545513919504	0.9931422973303943	0.35325332680218796	0.6153155359621193	0.5489427708384358	0.0004898359049718354	0.002367540207363866	0.004979998367213651	0.0004898359049718354	0.005551473589680789	0.01747081394399543	0.015348191689117479	0.014041962609192587	0.0031839333823169237	0.002449179524859172	0.002367540207363866	0.048167197322230376
A[T>A]G	0.015103273736631562	0.01665442076904237	0.0017960649848967267	0.0199199934688546	0.011184586496856885	0.004408523144746511	0.001387868397420197	0.008980324924483633	0.056902604294228096	0.05118785206955671	0.35496775246958934	0.04065638011266226	0.0009796718099436682	0.003673769287288759	0.0	0.003755408604784065	0.02359376275614336	0.015593109641603396	0.025063270471058864	0.016001306229079925	0.001306229079924892	0.0002449179524859177	0.0015511470324108087	0.01232753694179117	0.027104253408441508	0.02318556616866683	0.013552126704220752	0.08425177565515553	0.014695077149155033	0.005061637684708956	0.003673769287288759	0.01722589599150951	0.08286390725773533	0.06808719079108498	0.4109723242713691	0.08074128500285738	0.0026124581598497834	0.004490162462241817	0.004245244509755899	0.004653441097232427	0.004000326557269981	0.01649114213405176	0.031186219283206796	0.015429831006612785	0.0031839333823169237	0.0011429504449342815	0.004326883827251205	0.020981304596293576	0.021144583231284188	0.023430484121152746	0.008327210384521184	0.05208588456200506	0.006122948812147931	0.004408523144746511	0.0028573761123357007	0.009388521511960159	0.11119275042860642	0.15413503143113724	0.6110702914523635	0.11813209241570741	0.0017144256674014205	0.000979671809943669	0.00032655726998122346	0.00016327863499061152	0.042207527145073066	0.04335047759000736	0.05175932729202384	0.029553432933300674	0.0019593436198873373	0.002040982937382644	0.002367540207363867	0.008490489019511795	0.106539309331374	0.07608784390562494	0.027104253408441508	0.19201567474895911	0.5980896399706099	0.17307535309004818	0.07812882684300759	0.6219283206792392	0.9968160666176831	0.3569270960894767	0.6189893052494081	0.5526165401257246	0.0031839333823169237	0.001306229079924893	0.001306229079924892	0.0031839333823169237	0.009225242876969547	0.021144583231284188	0.019021960976406238	0.017715731896481346	0.0004898359049718354	0.006122948812147931	0.001306229079924893	0.05184096660951914
A[T>A]T	0.011347865131847497	0.012899012164258306	0.001959343619887338	0.016164584864070537	0.007429177892072821	0.0006531145399624461	0.002367540207363868	0.005224916319699568	0.05314719568944403	0.04743244346477264	0.35121234386480527	0.036900971507878196	0.004735080414727733	8.163931749530576e-05	0.003755408604784065	0.0	0.019838354151359296	0.011837701036819331	0.0213078618662748	0.01224589762429586	0.005061637684708957	0.003510490652298147	0.005306555637194873	0.008572128337007105	0.023348844803657443	0.019430157563882767	0.009796718099436687	0.08049636705037147	0.010939668544370968	0.0013062290799248913	8.163931749530576e-05	0.013470487386725447	0.07910849865295128	0.06433178218630092	0.407216915666585	0.07698587639807332	0.006367866764633848	0.0007347538574577518	0.0004898359049718345	0.0008980324924483625	0.0002449179524859164	0.012735733529267695	0.02743081067842273	0.01167442240182872	0.0069393419871009885	0.0026124581598497834	0.0005714752224671403	0.01722589599150951	0.017389174626500123	0.01967507551636868	0.00457180177973712	0.048330475957220995	0.002367540207363866	0.0006531145399624461	0.0066127847171197655	0.005633112907176095	0.10743734182382236	0.15037962282635317	0.6073148828475794	0.11437668381092335	0.005469834272185486	0.0027757367948403958	0.0034288513348028414	0.003918687239774676	0.038452118540289	0.039595068985223296	0.04800391868723978	0.02579802432851661	0.005714752224671402	0.001714425667401421	0.0013878683974201979	0.004735080414727731	0.10278390072658994	0.07233243530084088	0.023348844803657443	0.18826026614417504	0.5943342313658259	0.1693199444852641	0.07437341823822353	0.6181729120744551	0.993060658012899	0.35317168748469263	0.615233896644624	0.5488611315209405	0.0005714752224671412	0.002449179524859172	0.005061637684708957	0.0005714752224671412	0.005469834272185483	0.017389174626500123	0.015266552371622173	0.013960323291697281	0.0032655726998122294	0.002367540207363866	0.002449179524859172	0.048085558004735074
A[T>C]A	0.008490489019511799	0.006939341987100989	0.021797697771246634	0.003673769287288759	0.012409176259286475	0.01918523961139685	0.022205894358723166	0.014613437831659729	0.033308841538084735	0.027594089313413343	0.331373989713446	0.017062617356518896	0.02457343456608703	0.0199199934688546	0.02359376275614336	0.019838354151359296	0.0	0.008000653114539964	0.0014695077149155036	0.0075924565270634355	0.024899991836068253	0.023348844803657443	0.02514490978855417	0.011266225814352193	0.0035104906522981476	0.0004081965874765288	0.010041636051922608	0.06065801289901217	0.008898685606988328	0.018532125071434404	0.0199199934688546	0.006367866764633849	0.05927014450159197	0.04449342803494162	0.38737856151522576	0.057147522246714016	0.026206220915993145	0.019103600293901544	0.01934851824638746	0.018940321658910936	0.019593436198873382	0.007102620622091601	0.0075924565270634355	0.008163931749530576	0.026777696138460285	0.02245081231120908	0.019266878928892155	0.0026124581598497842	0.0024491795248591727	0.00016327863499061498	0.015266552371622177	0.028492121805861696	0.017470813943995432	0.01918523961139685	0.026451138868479062	0.014205241244183202	0.08759898767246306	0.13054126867499388	0.5874765286962201	0.09453832965956405	0.02530818842354478	0.02261409094619969	0.023267205486162137	0.023757041391133972	0.018613764388929702	0.019756714833863997	0.02816556453588048	0.005959670177157313	0.0255531063760307	0.021552779818760717	0.021226222548779494	0.015103273736631565	0.08294554657523064	0.05249408114948158	0.0035104906522981476	0.16842191199281575	0.5744958772144666	0.14948159033390482	0.05453506408686423	0.5983345579230959	0.9732223038615397	0.33333333333333337	0.5953955424932648	0.5290227773695813	0.02040982937382644	0.02228753367621847	0.024899991836068253	0.02040982937382644	0.014368519879173813	0.0024491795248591727	0.004571801779737122	0.0058780308596620146	0.023103926851171526	0.017470813943995432	0.02228753367621847	0.028247203853375775
A[T>C]C	0.0004898359049718345	0.0010613111274389748	0.01379704465670667	0.004326883827251205	0.004408523144746511	0.011184586496856885	0.0142052412441832	0.006612784717119765	0.04130949465262469	0.03559474242795331	0.33937464282798596	0.02506327047105886	0.016572781451547065	0.011919340354314637	0.015593109641603396	0.011837701036819331	0.008000653114539964	0.0	0.009470160829455468	0.0004081965874765288	0.01689933872152829	0.015348191689117479	0.017144256674014206	0.0032655726998122286	0.011511143766838112	0.0075924565270634355	0.002040982937382644	0.06865866601355214	0.0008980324924483633	0.010531471956894441	0.011919340354314637	0.0016327863499061152	0.06727079761613194	0.05249408114948159	0.3953792146297657	0.06514817536125399	0.01820556780145318	0.01110294717936158	0.011347865131847497	0.01093966854437097	0.011592783084333416	0.0008980324924483633	0.0155931096416034	0.00016327863499061152	0.01877704302392032	0.014450159196669116	0.011266225814352191	0.00538819495469018	0.0055514735896807915	0.00783737447954935	0.007265899257082212	0.03649277492040166	0.009470160829455466	0.011184586496856885	0.018450485753939098	0.006204588129643238	0.09559964078700303	0.13854192178953384	0.59547718181076	0.10253898277410402	0.017307535309004817	0.014613437831659727	0.015266552371622173	0.015756388276594008	0.026614417503469667	0.02775736794840396	0.03616621765042044	0.013960323291697278	0.017552453261490734	0.013552126704220752	0.01322556943423953	0.007102620622091601	0.09094619968977061	0.06049473426402155	0.011511143766838112	0.1764225651073557	0.5824965303290065	0.15748224344844478	0.0625357172014042	0.6063352110376358	0.9812229569760796	0.3413339864478733	0.6033961956078047	0.5370234304841212	0.012409176259286473	0.014286880561678504	0.01689933872152829	0.012409176259286473	0.006367866764633849	0.0055514735896807915	0.003428851334802842	0.0021226222548779497	0.015103273736631562	0.009470160829455466	0.014286880561678504	0.03624785696791574
A[T>C]G	0.009959996734427302	0.008408849702016493	0.023267205486162137	0.005143277002204263	0.013878683974201979	0.020654747326312353	0.02367540207363867	0.01608294554657523	0.031839333823169225	0.02612458159849784	0.32990448199853045	0.015593109641603393	0.026042942281002533	0.021389501183770105	0.025063270471058864	0.0213078618662748	0.0014695077149155036	0.009470160829455468	0.0	0.009061964241978939	0.026369499550983756	0.024818352518572947	0.026614417503469674	0.012735733529267696	0.002040982937382644	0.0018777043023920324	0.011511143766838112	0.05918850518409667	0.010368193321903831	0.020001632786349907	0.021389501183770105	0.007837374479549353	0.057800636786676476	0.043023920320026124	0.3859090538003102	0.05567801453179852	0.02767572863090865	0.020573108008817047	0.020818025961302965	0.02040982937382644	0.021062943913788885	0.008572128337007105	0.006122948812147932	0.00963343946444608	0.02824720385337579	0.023920320026124584	0.02073638664380766	0.004081965874765288	0.003918687239774676	0.0016327863499061186	0.01673606008653768	0.027022614090946192	0.018940321658910936	0.020654747326312353	0.027920646583394566	0.015674748959098705	0.08612947995754756	0.12907176096007839	0.5860070209813046	0.09306882194464855	0.026777696138460285	0.024083598661115195	0.02473671320107764	0.025226549106049476	0.0171442566740142	0.018287207118948493	0.026696056820964976	0.00449016246224181	0.027022614090946202	0.02302228753367622	0.022695730263694997	0.01657278145154707	0.08147603886031514	0.05102457343456608	0.002040982937382644	0.16695240427790026	0.5730263694995511	0.14801208261898932	0.053065556371948736	0.5968650502081804	0.9717527961466242	0.3318638256184178	0.5939260347783493	0.5275532696546658	0.021879337088741943	0.023757041391133972	0.026369499550983756	0.021879337088741943	0.015838027594089317	0.003918687239774676	0.006041309494652626	0.007347538574577518	0.02457343456608703	0.018940321658910936	0.023757041391133972	0.02677769613846027
A[T>C]T	0.0008980324924483633	0.0006531145399624461	0.014205241244183198	0.003918687239774676	0.00481671973222304	0.011592783084333414	0.014613437831659729	0.007020981304596293	0.04090129806514817	0.03518654584047678	0.3389664462405094	0.024655073883582332	0.016980978039023594	0.012327536941791166	0.016001306229079925	0.01224589762429586	0.0075924565270634355	0.0004081965874765288	0.009061964241978939	0.0	0.017307535309004817	0.015756388276594008	0.017552453261490734	0.0036737692872887574	0.011102947179361583	0.007184259939586907	0.0024491795248591727	0.0682504694260756	0.0013062290799248921	0.01093966854437097	0.012327536941791166	0.0012245897624295864	0.0668626010286554	0.05208588456200506	0.3949710180422892	0.06473997877377746	0.01861376438892971	0.011511143766838108	0.011756061719324026	0.011347865131847499	0.012000979671809945	0.0004898359049718345	0.015184913054126871	0.0005714752224671403	0.01918523961139685	0.014858355784145644	0.01167442240182872	0.004979998367213651	0.005143277002204263	0.0074291778920728205	0.007674095844558741	0.03608457833292513	0.009878357416931995	0.011592783084333414	0.018858682341415627	0.006612784717119766	0.09519144419952649	0.13813372520205733	0.5950689852232836	0.10213078618662749	0.017715731896481346	0.015021634419136256	0.015674748959098702	0.016164584864070537	0.026206220915993138	0.027349171360927432	0.035758021062943915	0.013552126704220749	0.017960649848967263	0.013960323291697281	0.013633766021716058	0.00751081720956813	0.09053800310229407	0.06008653767654502	0.011102947179361583	0.1760143685198792	0.58208833374153	0.15707404686096826	0.06212752061392767	0.6059270144501593	0.9808147603886032	0.3409257898603968	0.6029879990203282	0.5366152338966447	0.012817372846763002	0.014695077149155033	0.017307535309004817	0.012817372846763002	0.006776063352110378	0.005143277002204263	0.003020654747326313	0.001714425667401421	0.01551147032410809	0.009878357416931995	0.014695077149155033	0.03583966038043921
