	A[C>A]A	A[C>A]C	A[C>A]G	A[C>A]T	A[C>G]A	A[C>G]C	A[C>G]G	A[C>G]T	A[C>T]A	A[C>T]C	A[C>T]G	A[C>T]T	A[T>A]A	A[T>A]C	A[T>A]G	A[T>A]T	A[T>C]A	A[T>C]C	A[T>C]G	A[T>C]T	A[T>G]A	A[T>G]C	A[T>G]G	A[T>G]T	C[C>A]A	C[C>A]C	C[C>A]G	C[C>A]T	C[C>G]A	C[C>G]C	C[C>G]G	C[C>G]T	C[C>T]A	C[C>T]C	C[C>T]G	C[C>T]T	C[T>A]A	C[T>A]C	C[T>A]G	C[T>A]T	C[T>C]A	C[T>C]C	C[T>C]G	C[T>C]T	C[T>G]A	C[T>G]C	C[T>G]G	C[T>G]T	G[C>A]A	G[C>A]C	G[C>A]G	G[C>A]T	G[C>G]A	G[C>G]C	G[C>G]G	G[C>G]T	G[C>T]A	G[C>T]C	G[C>T]G	G[C>T]T	G[T>A]A	G[T>A]C	G[T>A]G	G[T>A]T	G[T>C]A	G[T>C]C	G[T>C]G	G[T>C]T	G[T>G]A	G[T>G]C	G[T>G]G	G[T>G]T	T[C>A]A	T[C>A]C	T[C>A]G	T[C>A]T	T[C>G]A	T[C>G]C	T[C>G]G	T[C>G]T	T[C>T]A	T[C>T]C	T[C>T]G	T[C>T]T	T[T>A]A	T[T>A]C	T[T>A]G	T[T>A]T	T[T>C]A	T[T>C]C	T[T>C]G	T[T>C]T	T[T>G]A	T[T>G]C	T[T>G]G	T[T>G]T
A[C>A]A	0.0	0.007168458781362005	0.03584229390681003	0.05376344086021505	0.08602150537634409	0.05017921146953404	0.0931899641577061	0.028673835125448036	0.10752688172043007	0.06451612903225806	0.7885304659498208	0.02150537634408603	0.0896057347670251	0.05017921146953404	0.043010752688172046	0.10752688172043011	0.028673835125448036	0.043010752688172046	0.025089605734767026	0.02150537634408603	0.11827956989247312	0.10752688172043011	0.10752688172043011	0.09677419354838711	0.02508960573476704	0.01792114695340502	0.01433691756272401	0.0	0.028673835125448036	0.01433691756272401	0.07885304659498207	0.03225806451612903	0.23655913978494625	0.2222222222222222	0.8817204301075269	0.21146953405017915	0.11111111111111112	0.06093189964157706	0.05376344086021505	0.08602150537634409	0.09677419354838711	0.043010752688172046	0.010752688172043001	0.08243727598566308	0.11827956989247312	0.06451612903225806	0.05017921146953404	0.07168458781362008	0.02150537634408603	0.02867383512544802	0.007168458781362005	0.043010752688172046	0.0896057347670251	0.08602150537634409	0.06810035842293907	0.043010752688172046	0.1326164874551971	0.24014336917562723	0.8602150537634409	0.07526881720430106	0.10394265232974911	0.0896057347670251	0.10394265232974911	0.11469534050179211	0.046594982078853056	0.06451612903225806	0.06810035842293907	0.03225806451612903	0.11827956989247312	0.11111111111111112	0.08243727598566308	0.10752688172043011	0.03225806451612903	0.06810035842293907	0.03225806451612903	0.01792114695340502	0.025089605734767026	0.02867383512544802	0.08602150537634409	0.02150537634408603	0.20788530465949817	0.3046594982078853	0.4408602150537634	0.13978494623655913	0.10394265232974911	0.0896057347670251	0.11827956989247312	0.1003584229390681	0.10752688172043011	0.03942652329749104	0.08602150537634409	0.06810035842293907	0.11827956989247312	0.043010752688172046	0.08243727598566308	0.0896057347670251
A[C>A]C	0.007168458781362005	0.0	0.02867383512544802	0.04659498207885304	0.07885304659498209	0.04301075268817203	0.08602150537634409	0.02150537634408603	0.11469534050179207	0.07168458781362007	0.7956989247311828	0.028673835125448036	0.0824372759856631	0.04301075268817203	0.03584229390681004	0.1003584229390681	0.02150537634408603	0.03584229390681004	0.01792114695340502	0.028673835125448036	0.11111111111111112	0.1003584229390681	0.1003584229390681	0.0896057347670251	0.032258064516129045	0.025089605734767026	0.007168458781362005	0.007168458781362005	0.02150537634408603	0.007168458781362005	0.07168458781362008	0.03942652329749104	0.24372759856630827	0.22939068100358423	0.8888888888888888	0.21863799283154117	0.10394265232974911	0.053763440860215055	0.04659498207885304	0.07885304659498209	0.0896057347670251	0.03584229390681004	0.017921146953405007	0.07526881720430108	0.11111111111111112	0.057347670250896064	0.04301075268817203	0.06451612903225808	0.028673835125448036	0.03584229390681003	0.0	0.03584229390681004	0.0824372759856631	0.07885304659498209	0.060931899641577074	0.03584229390681004	0.13978494623655913	0.24731182795698925	0.8673835125448028	0.08243727598566307	0.09677419354838711	0.0824372759856631	0.09677419354838711	0.10752688172043012	0.03942652329749105	0.057347670250896064	0.060931899641577074	0.025089605734767026	0.11111111111111112	0.10394265232974911	0.07526881720430108	0.1003584229390681	0.03942652329749104	0.07526881720430108	0.025089605734767026	0.025089605734767026	0.01792114695340502	0.03584229390681003	0.07885304659498209	0.028673835125448036	0.2150537634408602	0.3118279569892473	0.4480286738351254	0.14695340501792115	0.09677419354838711	0.0824372759856631	0.11111111111111112	0.0931899641577061	0.1003584229390681	0.03225806451612903	0.07885304659498209	0.060931899641577074	0.11111111111111112	0.03584229390681004	0.07526881720430108	0.0824372759856631
A[C>A]G	0.03584229390681003	0.02867383512544802	0.0	0.01792114695340502	0.050179211469534066	0.01433691756272401	0.05734767025089607	0.0071684587813619915	0.1433691756272401	0.10035842293906809	0.8243727598566308	0.05734767025089606	0.053763440860215075	0.01433691756272401	0.007168458781362019	0.07168458781362008	0.0071684587813619915	0.007168458781362019	0.010752688172043001	0.05734767025089606	0.0824372759856631	0.07168458781362008	0.07168458781362008	0.06093189964157708	0.06093189964157707	0.05376344086021505	0.021505376344086016	0.03584229390681003	0.0071684587813619915	0.021505376344086016	0.04301075268817205	0.06810035842293906	0.2724014336917563	0.25806451612903225	0.9175627240143369	0.2473118279569892	0.07526881720430109	0.025089605734767033	0.01792114695340502	0.050179211469534066	0.06093189964157708	0.007168458781362019	0.04659498207885303	0.046594982078853056	0.0824372759856631	0.028673835125448043	0.01433691756272401	0.035842293906810055	0.05734767025089606	0.06451612903225805	0.02867383512544802	0.007168458781362019	0.053763440860215075	0.050179211469534066	0.03225806451612905	0.007168458781362019	0.16845878136200715	0.27598566308243727	0.8960573476702509	0.11111111111111109	0.06810035842293909	0.053763440860215075	0.06810035842293909	0.0788530465949821	0.010752688172043029	0.028673835125448043	0.03225806451612905	0.0035842293906809958	0.0824372759856631	0.07526881720430109	0.046594982078853056	0.07168458781362008	0.06810035842293906	0.1039426523297491	0.0035842293906809958	0.05376344086021505	0.010752688172043001	0.06451612903225805	0.050179211469534066	0.05734767025089606	0.2437275985663082	0.34050179211469533	0.4767025089605734	0.17562724014336917	0.06810035842293909	0.053763440860215075	0.0824372759856631	0.06451612903225808	0.07168458781362008	0.0035842293906810097	0.050179211469534066	0.03225806451612905	0.0824372759856631	0.007168458781362019	0.046594982078853056	0.053763440860215075
A[C>A]T	0.05376344086021505	0.04659498207885304	0.01792114695340502	0.0	0.032258064516129045	0.0035842293906810097	0.03942652329749105	0.025089605734767012	0.16129032258064513	0.11827956989247311	0.8422939068100358	0.07526881720430108	0.035842293906810055	0.0035842293906810097	0.010752688172043001	0.05376344086021506	0.025089605734767012	0.010752688172043001	0.02867383512544802	0.07526881720430108	0.06451612903225808	0.05376344086021506	0.05376344086021506	0.04301075268817206	0.07885304659498209	0.07168458781362007	0.03942652329749104	0.05376344086021505	0.025089605734767012	0.03942652329749104	0.025089605734767033	0.08602150537634408	0.2903225806451613	0.27598566308243727	0.9354838709677419	0.2652329749103942	0.05734767025089607	0.007168458781362012	0.0	0.032258064516129045	0.04301075268817206	0.010752688172043001	0.06451612903225805	0.028673835125448036	0.06451612903225808	0.010752688172043022	0.0035842293906810097	0.017921146953405034	0.07526881720430108	0.08243727598566307	0.04659498207885304	0.010752688172043001	0.035842293906810055	0.032258064516129045	0.014336917562724032	0.010752688172043001	0.18637992831541217	0.2939068100358423	0.9139784946236559	0.12903225806451613	0.05017921146953406	0.035842293906810055	0.05017921146953406	0.060931899641577074	0.0071684587813619915	0.010752688172043022	0.014336917562724032	0.021505376344086016	0.06451612903225808	0.05734767025089607	0.028673835125448036	0.05376344086021506	0.08602150537634408	0.12186379928315412	0.021505376344086016	0.07168458781362007	0.02867383512544802	0.08243727598566307	0.032258064516129045	0.07526881720430108	0.26164874551971323	0.35842293906810035	0.49462365591397844	0.1935483870967742	0.05017921146953406	0.035842293906810055	0.06451612903225808	0.046594982078853056	0.05376344086021506	0.01433691756272401	0.032258064516129045	0.014336917562724032	0.06451612903225808	0.010752688172043001	0.028673835125448036	0.035842293906810055
A[C>G]A	0.08602150537634409	0.07885304659498209	0.050179211469534066	0.032258064516129045	0.0	0.035842293906810055	0.007168458781362005	0.05734767025089606	0.19354838709677416	0.15053763440860216	0.8745519713261649	0.10752688172043012	0.003584229390681006	0.035842293906810055	0.043010752688172046	0.02150537634408602	0.05734767025089606	0.043010752688172046	0.06093189964157707	0.10752688172043012	0.03225806451612903	0.02150537634408602	0.02150537634408602	0.010752688172043012	0.11111111111111113	0.10394265232974911	0.07168458781362008	0.08602150537634409	0.05734767025089606	0.07168458781362008	0.007168458781362012	0.11827956989247312	0.32258064516129037	0.30824372759856633	0.967741935483871	0.2974910394265232	0.025089605734767026	0.025089605734767033	0.032258064516129045	0.0	0.010752688172043012	0.043010752688172046	0.0967741935483871	0.0035842293906810097	0.03225806451612903	0.021505376344086023	0.035842293906810055	0.01433691756272401	0.10752688172043012	0.11469534050179211	0.07885304659498209	0.043010752688172046	0.003584229390681006	0.0	0.017921146953405014	0.043010752688172046	0.2186379928315412	0.3261648745519713	0.946236559139785	0.16129032258064516	0.017921146953405014	0.003584229390681006	0.017921146953405014	0.02867383512544803	0.03942652329749104	0.021505376344086023	0.017921146953405014	0.05376344086021506	0.03225806451612903	0.025089605734767026	0.0035842293906810097	0.02150537634408602	0.11827956989247312	0.15412186379928317	0.05376344086021506	0.10394265232974911	0.06093189964157707	0.11469534050179211	0.0	0.10752688172043012	0.2939068100358423	0.3906810035842294	0.5268817204301075	0.22580645161290322	0.017921146953405014	0.003584229390681006	0.03225806451612903	0.014336917562724014	0.02150537634408602	0.046594982078853056	0.0	0.017921146953405014	0.03225806451612903	0.043010752688172046	0.0035842293906810097	0.003584229390681006
A[C>G]C	0.05017921146953404	0.04301075268817203	0.01433691756272401	0.0035842293906810097	0.035842293906810055	0.0	0.04301075268817206	0.021505376344086002	0.1577060931899641	0.1146953405017921	0.8387096774193549	0.07168458781362007	0.039426523297491065	0.0	0.0071684587813619915	0.05734767025089607	0.021505376344086002	0.0071684587813619915	0.025089605734767012	0.07168458781362007	0.06810035842293909	0.05734767025089607	0.05734767025089607	0.04659498207885307	0.07526881720430108	0.06810035842293906	0.03584229390681003	0.05017921146953404	0.021505376344086002	0.03584229390681003	0.028673835125448043	0.08243727598566307	0.2867383512544803	0.27240143369175623	0.931899641577061	0.2616487455197132	0.06093189964157708	0.010752688172043022	0.0035842293906810097	0.035842293906810055	0.04659498207885307	0.0071684587813619915	0.06093189964157704	0.032258064516129045	0.06810035842293909	0.014336917562724032	0.0	0.021505376344086044	0.07168458781362007	0.07885304659498206	0.04301075268817203	0.0071684587813619915	0.039426523297491065	0.035842293906810055	0.01792114695340504	0.0071684587813619915	0.18279569892473113	0.29032258064516125	0.910394265232975	0.1254480286738351	0.05376344086021507	0.039426523297491065	0.05376344086021507	0.06451612903225809	0.003584229390680982	0.014336917562724032	0.01792114695340504	0.017921146953405007	0.06810035842293909	0.06093189964157708	0.032258064516129045	0.05734767025089607	0.08243727598566307	0.11827956989247311	0.017921146953405007	0.06810035842293906	0.025089605734767012	0.07885304659498206	0.035842293906810055	0.07168458781362007	0.2580645161290322	0.3548387096774193	0.4910394265232974	0.18996415770609315	0.05376344086021507	0.039426523297491065	0.06810035842293909	0.050179211469534066	0.05734767025089607	0.010752688172043001	0.035842293906810055	0.01792114695340504	0.06810035842293909	0.0071684587813619915	0.032258064516129045	0.039426523297491065
A[C>G]G	0.0931899641577061	0.08602150537634409	0.05734767025089607	0.03942652329749105	0.007168458781362005	0.04301075268817206	0.0	0.06451612903225806	0.20071684587813615	0.15770609318996415	0.8817204301075269	0.11469534050179213	0.0035842293906809992	0.04301075268817206	0.05017921146953405	0.014336917562724014	0.06451612903225806	0.05017921146953405	0.06810035842293907	0.11469534050179213	0.025089605734767026	0.014336917562724014	0.014336917562724014	0.003584229390681006	0.11827956989247314	0.11111111111111112	0.07885304659498209	0.0931899641577061	0.06451612903225806	0.07885304659498209	0.014336917562724018	0.12544802867383514	0.32974910394265233	0.3154121863799283	0.974910394265233	0.30465949820788524	0.01792114695340502	0.03225806451612904	0.03942652329749105	0.007168458781362005	0.003584229390681006	0.05017921146953405	0.1039426523297491	0.010752688172043015	0.025089605734767026	0.02867383512544803	0.04301075268817206	0.021505376344086016	0.11469534050179213	0.12186379928315412	0.08602150537634409	0.05017921146953405	0.0035842293906809992	0.007168458781362005	0.02508960573476702	0.05017921146953405	0.2258064516129032	0.3333333333333333	0.953405017921147	0.16845878136200715	0.01075268817204301	0.0035842293906809992	0.01075268817204301	0.021505376344086023	0.04659498207885304	0.02867383512544803	0.02508960573476702	0.06093189964157707	0.025089605734767026	0.01792114695340502	0.010752688172043015	0.014336917562724014	0.12544802867383514	0.16129032258064518	0.06093189964157707	0.11111111111111112	0.06810035842293907	0.12186379928315412	0.007168458781362005	0.11469534050179213	0.30107526881720426	0.3978494623655914	0.5340501792114695	0.2329749103942652	0.01075268817204301	0.0035842293906809992	0.025089605734767026	0.007168458781362009	0.014336917562724014	0.05376344086021506	0.007168458781362005	0.02508960573476702	0.025089605734767026	0.05017921146953405	0.010752688172043015	0.0035842293906809992
A[C>G]T	0.028673835125448036	0.02150537634408603	0.0071684587813619915	0.025089605734767012	0.05734767025089606	0.021505376344086002	0.06451612903225806	0.0	0.1362007168458781	0.0931899641577061	0.8172043010752689	0.050179211469534066	0.06093189964157707	0.021505376344086002	0.01433691756272401	0.07885304659498207	0.0	0.01433691756272401	0.0035842293906810097	0.050179211469534066	0.08960573476702509	0.07885304659498207	0.07885304659498207	0.06810035842293907	0.053763440860215075	0.046594982078853056	0.014336917562724025	0.028673835125448036	0.0	0.014336917562724025	0.050179211469534045	0.06093189964157707	0.26523297491039427	0.25089605734767023	0.910394265232975	0.24014336917562717	0.08243727598566308	0.032258064516129024	0.025089605734767012	0.05734767025089606	0.06810035842293907	0.01433691756272401	0.03942652329749104	0.05376344086021505	0.08960573476702509	0.035842293906810034	0.021505376344086002	0.043010752688172046	0.050179211469534066	0.05734767025089606	0.02150537634408603	0.01433691756272401	0.06093189964157707	0.05734767025089606	0.039426523297491044	0.01433691756272401	0.16129032258064513	0.26881720430107525	0.888888888888889	0.1039426523297491	0.07526881720430108	0.06093189964157707	0.07526881720430108	0.08602150537634409	0.01792114695340502	0.035842293906810034	0.039426523297491044	0.0035842293906809958	0.08960573476702509	0.08243727598566308	0.05376344086021505	0.07885304659498207	0.06093189964157707	0.09677419354838711	0.0035842293906809958	0.046594982078853056	0.0035842293906810097	0.05734767025089606	0.05734767025089606	0.050179211469534066	0.2365591397849462	0.3333333333333333	0.4695340501792114	0.16845878136200715	0.07526881720430108	0.06093189964157707	0.08960573476702509	0.07168458781362007	0.07885304659498207	0.010752688172043001	0.05734767025089606	0.039426523297491044	0.08960573476702509	0.01433691756272401	0.05376344086021505	0.06093189964157707
A[C>T]A	0.10752688172043007	0.11469534050179207	0.1433691756272401	0.16129032258064513	0.19354838709677416	0.1577060931899641	0.20071684587813615	0.1362007168458781	0.0	0.043010752688172005	0.6810035842293907	0.08602150537634404	0.19713261648745517	0.1577060931899641	0.15053763440860213	0.2150537634408602	0.1362007168458781	0.15053763440860213	0.1326164874551971	0.08602150537634404	0.2258064516129032	0.2150537634408602	0.2150537634408602	0.20430107526881716	0.08243727598566303	0.08960573476702505	0.12186379928315408	0.10752688172043007	0.1362007168458781	0.12186379928315408	0.18637992831541214	0.07526881720430104	0.12903225806451618	0.11469534050179214	0.7741935483870968	0.10394265232974909	0.21863799283154117	0.16845878136200712	0.16129032258064513	0.19354838709677416	0.20430107526881716	0.15053763440860213	0.09677419354838707	0.18996415770609315	0.2258064516129032	0.17204301075268813	0.1577060931899641	0.17921146953405015	0.08602150537634404	0.07885304659498205	0.11469534050179207	0.15053763440860213	0.19713261648745517	0.19354838709677416	0.17562724014336914	0.15053763440860213	0.02508960573476704	0.13261648745519716	0.7526881720430108	0.032258064516129004	0.21146953405017918	0.19713261648745517	0.21146953405017918	0.22222222222222218	0.1541218637992831	0.17204301075268813	0.17562724014336914	0.1397849462365591	0.2258064516129032	0.21863799283154117	0.18996415770609315	0.2150537634408602	0.07526881720430104	0.039426523297490995	0.1397849462365591	0.08960573476702505	0.1326164874551971	0.07885304659498205	0.19354838709677416	0.08602150537634404	0.1003584229390681	0.19713261648745523	0.3333333333333333	0.03225806451612906	0.21146953405017918	0.19713261648745517	0.2258064516129032	0.20788530465949817	0.2150537634408602	0.1469534050179211	0.19354838709677416	0.17562724014336914	0.2258064516129032	0.15053763440860213	0.18996415770609315	0.19713261648745517
A[C>T]C	0.06451612903225806	0.07168458781362007	0.10035842293906809	0.11827956989247311	0.15053763440860216	0.1146953405017921	0.15770609318996415	0.0931899641577061	0.043010752688172005	0.0	0.7240143369175627	0.04301075268817203	0.15412186379928317	0.1146953405017921	0.10752688172043011	0.17204301075268819	0.0931899641577061	0.10752688172043011	0.08960573476702509	0.04301075268817203	0.1827956989247312	0.17204301075268819	0.17204301075268819	0.16129032258064516	0.03942652329749102	0.04659498207885304	0.07885304659498207	0.06451612903225806	0.0931899641577061	0.07885304659498207	0.14336917562724014	0.03225806451612903	0.17204301075268819	0.15770609318996415	0.8172043010752688	0.1469534050179211	0.17562724014336917	0.12544802867383512	0.11827956989247311	0.15053763440860216	0.16129032258064516	0.10752688172043011	0.05376344086021506	0.14695340501792115	0.1827956989247312	0.12903225806451613	0.1146953405017921	0.13620071684587814	0.04301075268817203	0.03584229390681004	0.07168458781362007	0.10752688172043011	0.15412186379928317	0.15053763440860216	0.13261648745519714	0.10752688172043011	0.06810035842293904	0.17562724014336917	0.7956989247311828	0.010752688172043001	0.16845878136200718	0.15412186379928317	0.16845878136200718	0.17921146953405018	0.11111111111111112	0.12903225806451613	0.13261648745519714	0.0967741935483871	0.1827956989247312	0.17562724014336917	0.14695340501792115	0.17204301075268819	0.03225806451612903	0.0035842293906810097	0.0967741935483871	0.04659498207885304	0.08960573476702509	0.03584229390681004	0.15053763440860216	0.04301075268817203	0.1433691756272401	0.24014336917562723	0.3763440860215053	0.07526881720430106	0.16845878136200718	0.15412186379928317	0.1827956989247312	0.16487455197132617	0.17204301075268819	0.1039426523297491	0.15053763440860216	0.13261648745519714	0.1827956989247312	0.10752688172043011	0.14695340501792115	0.15412186379928317
A[C>T]G	0.7885304659498208	0.7956989247311828	0.8243727598566308	0.8422939068100358	0.8745519713261649	0.8387096774193549	0.8817204301075269	0.8172043010752689	0.6810035842293907	0.7240143369175627	0.0	0.7670250896057348	0.8781362007168458	0.8387096774193549	0.8315412186379928	0.8960573476702509	0.8172043010752689	0.8315412186379928	0.8136200716845878	0.7670250896057348	0.9068100358422939	0.8960573476702509	0.8960573476702509	0.8853046594982079	0.7634408602150538	0.7706093189964158	0.8028673835125448	0.7885304659498208	0.8172043010752689	0.8028673835125448	0.8673835125448028	0.7562724014336918	0.5519713261648745	0.5663082437275986	0.09318996415770608	0.5770609318996416	0.899641577060932	0.8494623655913979	0.8422939068100358	0.8745519713261649	0.8853046594982079	0.8315412186379928	0.7777777777777778	0.8709677419354839	0.9068100358422939	0.8530465949820789	0.8387096774193549	0.8602150537634409	0.7670250896057348	0.7598566308243728	0.7956989247311828	0.8315412186379928	0.8781362007168458	0.8745519713261649	0.8566308243727598	0.8315412186379928	0.6559139784946237	0.5483870967741935	0.07168458781362008	0.7132616487455197	0.8924731182795699	0.8781362007168458	0.8924731182795699	0.9032258064516129	0.8351254480286738	0.8530465949820789	0.8566308243727598	0.8207885304659498	0.9068100358422939	0.899641577060932	0.8709677419354839	0.8960573476702509	0.7562724014336918	0.7204301075268817	0.8207885304659498	0.7706093189964158	0.8136200716845878	0.7598566308243728	0.8745519713261649	0.7670250896057348	0.5806451612903226	0.4838709677419355	0.3476702508960574	0.6487455197132617	0.8924731182795699	0.8781362007168458	0.9068100358422939	0.888888888888889	0.8960573476702509	0.8279569892473119	0.8745519713261649	0.8566308243727598	0.9068100358422939	0.8315412186379928	0.8709677419354839	0.8781362007168458
A[C>T]T	0.02150537634408603	0.028673835125448036	0.05734767025089606	0.07526881720430108	0.10752688172043012	0.07168458781362007	0.11469534050179213	0.050179211469534066	0.08602150537634404	0.04301075268817203	0.7670250896057348	0.0	0.11111111111111113	0.07168458781362007	0.06451612903225808	0.12903225806451615	0.050179211469534066	0.06451612903225808	0.046594982078853056	0.0	0.13978494623655915	0.12903225806451615	0.12903225806451615	0.11827956989247314	0.0035842293906810097	0.0035842293906810097	0.03584229390681004	0.02150537634408603	0.050179211469534066	0.03584229390681004	0.1003584229390681	0.010752688172043001	0.21505376344086022	0.20071684587813618	0.8602150537634409	0.18996415770609312	0.13261648745519716	0.08243727598566308	0.07526881720430108	0.10752688172043012	0.11827956989247314	0.06451612903225808	0.010752688172043029	0.10394265232974911	0.13978494623655915	0.08602150537634409	0.07168458781362007	0.09318996415770611	0.0	0.0071684587813619915	0.028673835125448036	0.06451612903225808	0.11111111111111113	0.10752688172043012	0.0896057347670251	0.06451612903225808	0.11111111111111108	0.2186379928315412	0.8387096774193549	0.053763440860215034	0.12544802867383514	0.11111111111111113	0.12544802867383514	0.13620071684587814	0.06810035842293909	0.08602150537634409	0.0896057347670251	0.05376344086021506	0.13978494623655915	0.13261648745519716	0.10394265232974911	0.12903225806451615	0.010752688172043001	0.04659498207885304	0.05376344086021506	0.0035842293906810097	0.046594982078853056	0.0071684587813619915	0.10752688172043012	0.0	0.18637992831541214	0.2831541218637993	0.4193548387096774	0.1182795698924731	0.12544802867383514	0.11111111111111113	0.13978494623655915	0.12186379928315413	0.12903225806451615	0.06093189964157707	0.10752688172043012	0.0896057347670251	0.13978494623655915	0.06451612903225808	0.10394265232974911	0.11111111111111113
A[T>A]A	0.0896057347670251	0.0824372759856631	0.053763440860215075	0.035842293906810055	0.003584229390681006	0.039426523297491065	0.0035842293906809992	0.06093189964157707	0.19713261648745517	0.15412186379928317	0.8781362007168458	0.11111111111111113	0.0	0.039426523297491065	0.046594982078853056	0.017921146953405014	0.06093189964157707	0.046594982078853056	0.06451612903225808	0.11111111111111113	0.028673835125448025	0.017921146953405014	0.017921146953405014	0.007168458781362005	0.11469534050179214	0.10752688172043012	0.07526881720430109	0.0896057347670251	0.06093189964157707	0.07526881720430109	0.010752688172043019	0.12186379928315413	0.32616487455197135	0.3118279569892473	0.9713261648745519	0.30107526881720426	0.02150537634408602	0.02867383512544804	0.035842293906810055	0.003584229390681006	0.007168458781362005	0.046594982078853056	0.1003584229390681	0.007168458781362016	0.028673835125448025	0.02508960573476703	0.039426523297491065	0.017921146953405017	0.11111111111111113	0.11827956989247312	0.0824372759856631	0.046594982078853056	0.0	0.003584229390681006	0.02150537634408602	0.046594982078853056	0.2222222222222222	0.32974910394265233	0.9498207885304659	0.16487455197132617	0.014336917562724009	0.0	0.014336917562724009	0.025089605734767022	0.043010752688172046	0.02508960573476703	0.02150537634408602	0.05734767025089607	0.028673835125448025	0.02150537634408602	0.007168458781362016	0.017921146953405014	0.12186379928315413	0.15770609318996417	0.05734767025089607	0.10752688172043012	0.06451612903225808	0.11827956989247312	0.003584229390681006	0.11111111111111113	0.2974910394265233	0.3942652329749104	0.5304659498207884	0.22939068100358423	0.014336917562724009	0.0	0.028673835125448025	0.010752688172043008	0.017921146953405014	0.050179211469534066	0.003584229390681006	0.02150537634408602	0.028673835125448025	0.046594982078853056	0.007168458781362016	0.0
A[T>A]C	0.05017921146953404	0.04301075268817203	0.01433691756272401	0.0035842293906810097	0.035842293906810055	0.0	0.04301075268817206	0.021505376344086002	0.1577060931899641	0.1146953405017921	0.8387096774193549	0.07168458781362007	0.039426523297491065	0.0	0.0071684587813619915	0.05734767025089607	0.021505376344086002	0.0071684587813619915	0.025089605734767012	0.07168458781362007	0.06810035842293909	0.05734767025089607	0.05734767025089607	0.04659498207885307	0.07526881720430108	0.06810035842293906	0.03584229390681003	0.05017921146953404	0.021505376344086002	0.03584229390681003	0.028673835125448043	0.08243727598566307	0.2867383512544803	0.27240143369175623	0.931899641577061	0.2616487455197132	0.06093189964157708	0.010752688172043022	0.0035842293906810097	0.035842293906810055	0.04659498207885307	0.0071684587813619915	0.06093189964157704	0.032258064516129045	0.06810035842293909	0.014336917562724032	0.0	0.021505376344086044	0.07168458781362007	0.07885304659498206	0.04301075268817203	0.0071684587813619915	0.039426523297491065	0.035842293906810055	0.01792114695340504	0.0071684587813619915	0.18279569892473113	0.29032258064516125	0.910394265232975	0.1254480286738351	0.05376344086021507	0.039426523297491065	0.05376344086021507	0.06451612903225809	0.003584229390680982	0.014336917562724032	0.01792114695340504	0.017921146953405007	0.06810035842293909	0.06093189964157708	0.032258064516129045	0.05734767025089607	0.08243727598566307	0.11827956989247311	0.017921146953405007	0.06810035842293906	0.025089605734767012	0.07885304659498206	0.035842293906810055	0.07168458781362007	0.2580645161290322	0.3548387096774193	0.4910394265232974	0.18996415770609315	0.05376344086021507	0.039426523297491065	0.06810035842293909	0.050179211469534066	0.05734767025089607	0.010752688172043001	0.035842293906810055	0.01792114695340504	0.06810035842293909	0.0071684587813619915	0.032258064516129045	0.039426523297491065
A[T>A]G	0.043010752688172046	0.03584229390681004	0.007168458781362019	0.010752688172043001	0.043010752688172046	0.0071684587813619915	0.05017921146953405	0.01433691756272401	0.15053763440860213	0.10752688172043011	0.8315412186379928	0.06451612903225808	0.046594982078853056	0.0071684587813619915	0.0	0.06451612903225806	0.01433691756272401	0.0	0.01792114695340502	0.06451612903225808	0.07526881720430108	0.06451612903225806	0.06451612903225806	0.05376344086021506	0.06810035842293909	0.06093189964157707	0.028673835125448036	0.043010752688172046	0.01433691756272401	0.028673835125448036	0.035842293906810034	0.07526881720430108	0.2795698924731183	0.26523297491039427	0.9247311827956989	0.2544802867383512	0.06810035842293907	0.017921146953405014	0.010752688172043001	0.043010752688172046	0.05376344086021506	0.0	0.05376344086021505	0.03942652329749104	0.07526881720430108	0.021505376344086023	0.0071684587813619915	0.028673835125448036	0.06451612903225808	0.07168458781362007	0.03584229390681004	0.0	0.046594982078853056	0.043010752688172046	0.025089605734767033	0.0	0.17562724014336917	0.2831541218637993	0.9032258064516129	0.11827956989247311	0.06093189964157706	0.046594982078853056	0.06093189964157706	0.07168458781362008	0.0035842293906810097	0.021505376344086023	0.025089605734767033	0.010752688172043015	0.07526881720430108	0.06810035842293907	0.03942652329749104	0.06451612903225806	0.07526881720430108	0.11111111111111112	0.010752688172043015	0.06093189964157707	0.01792114695340502	0.07168458781362007	0.043010752688172046	0.06451612903225808	0.25089605734767023	0.34767025089605735	0.48387096774193544	0.1827956989247312	0.06093189964157706	0.046594982078853056	0.07526881720430108	0.05734767025089606	0.06451612903225806	0.0035842293906810097	0.043010752688172046	0.025089605734767033	0.07526881720430108	0.0	0.03942652329749104	0.046594982078853056
A[T>A]T	0.10752688172043011	0.1003584229390681	0.07168458781362008	0.05376344086021506	0.02150537634408602	0.05734767025089607	0.014336917562724014	0.07885304659498207	0.2150537634408602	0.17204301075268819	0.8960573476702509	0.12903225806451615	0.017921146953405014	0.05734767025089607	0.06451612903225806	0.0	0.07885304659498207	0.06451612903225806	0.08243727598566308	0.12903225806451615	0.010752688172043012	0.0	0.0	0.010752688172043008	0.13261648745519716	0.12544802867383514	0.0931899641577061	0.10752688172043011	0.07885304659498207	0.0931899641577061	0.028673835125448032	0.13978494623655915	0.34408602150537637	0.32974910394265233	0.989247311827957	0.3189964157706093	0.003584229390681006	0.046594982078853056	0.05376344086021506	0.02150537634408602	0.010752688172043008	0.06451612903225806	0.11827956989247311	0.02508960573476703	0.010752688172043012	0.043010752688172046	0.05734767025089607	0.03584229390681003	0.12903225806451615	0.13620071684587814	0.1003584229390681	0.06451612903225806	0.017921146953405014	0.02150537634408602	0.03942652329749104	0.06451612903225806	0.24014336917562723	0.34767025089605735	0.967741935483871	0.1827956989247312	0.0035842293906810044	0.017921146953405014	0.0035842293906810044	0.007168458781362009	0.06093189964157705	0.043010752688172046	0.03942652329749104	0.07526881720430108	0.010752688172043012	0.003584229390681006	0.02508960573476703	0.0	0.13978494623655915	0.1756272401433692	0.07526881720430108	0.12544802867383514	0.08243727598566308	0.13620071684587814	0.02150537634408602	0.12903225806451615	0.3154121863799283	0.4121863799283154	0.5483870967741935	0.24731182795698925	0.0035842293906810044	0.017921146953405014	0.010752688172043012	0.007168458781362005	0.0	0.06810035842293907	0.02150537634408602	0.03942652329749104	0.010752688172043012	0.06451612903225806	0.02508960573476703	0.017921146953405014
A[T>C]A	0.028673835125448036	0.02150537634408603	0.0071684587813619915	0.025089605734767012	0.05734767025089606	0.021505376344086002	0.06451612903225806	0.0	0.1362007168458781	0.0931899641577061	0.8172043010752689	0.050179211469534066	0.06093189964157707	0.021505376344086002	0.01433691756272401	0.07885304659498207	0.0	0.01433691756272401	0.0035842293906810097	0.050179211469534066	0.08960573476702509	0.07885304659498207	0.07885304659498207	0.06810035842293907	0.053763440860215075	0.046594982078853056	0.014336917562724025	0.028673835125448036	0.0	0.014336917562724025	0.050179211469534045	0.06093189964157707	0.26523297491039427	0.25089605734767023	0.910394265232975	0.24014336917562717	0.08243727598566308	0.032258064516129024	0.025089605734767012	0.05734767025089606	0.06810035842293907	0.01433691756272401	0.03942652329749104	0.05376344086021505	0.08960573476702509	0.035842293906810034	0.021505376344086002	0.043010752688172046	0.050179211469534066	0.05734767025089606	0.02150537634408603	0.01433691756272401	0.06093189964157707	0.05734767025089606	0.039426523297491044	0.01433691756272401	0.16129032258064513	0.26881720430107525	0.888888888888889	0.1039426523297491	0.07526881720430108	0.06093189964157707	0.07526881720430108	0.08602150537634409	0.01792114695340502	0.035842293906810034	0.039426523297491044	0.0035842293906809958	0.08960573476702509	0.08243727598566308	0.05376344086021505	0.07885304659498207	0.06093189964157707	0.09677419354838711	0.0035842293906809958	0.046594982078853056	0.0035842293906810097	0.05734767025089606	0.05734767025089606	0.050179211469534066	0.2365591397849462	0.3333333333333333	0.4695340501792114	0.16845878136200715	0.07526881720430108	0.06093189964157707	0.08960573476702509	0.07168458781362007	0.07885304659498207	0.010752688172043001	0.05734767025089606	0.039426523297491044	0.08960573476702509	0.01433691756272401	0.05376344086021505	0.06093189964157707
A[T>C]C	0.043010752688172046	0.03584229390681004	0.007168458781362019	0.010752688172043001	0.043010752688172046	0.0071684587813619915	0.05017921146953405	0.01433691756272401	0.15053763440860213	0.10752688172043011	0.8315412186379928	0.06451612903225808	0.046594982078853056	0.0071684587813619915	0.0	0.06451612903225806	0.01433691756272401	0.0	0.01792114695340502	0.06451612903225808	0.07526881720430108	0.06451612903225806	0.06451612903225806	0.05376344086021506	0.06810035842293909	0.06093189964157707	0.028673835125448036	0.043010752688172046	0.01433691756272401	0.028673835125448036	0.035842293906810034	0.07526881720430108	0.2795698924731183	0.26523297491039427	0.9247311827956989	0.2544802867383512	0.06810035842293907	0.017921146953405014	0.010752688172043001	0.043010752688172046	0.05376344086021506	0.0	0.05376344086021505	0.03942652329749104	0.07526881720430108	0.021505376344086023	0.0071684587813619915	0.028673835125448036	0.06451612903225808	0.07168458781362007	0.03584229390681004	0.0	0.046594982078853056	0.043010752688172046	0.025089605734767033	0.0	0.17562724014336917	0.2831541218637993	0.9032258064516129	0.11827956989247311	0.06093189964157706	0.046594982078853056	0.06093189964157706	0.07168458781362008	0.0035842293906810097	0.021505376344086023	0.025089605734767033	0.010752688172043015	0.07526881720430108	0.06810035842293907	0.03942652329749104	0.06451612903225806	0.07526881720430108	0.11111111111111112	0.010752688172043015	0.06093189964157707	0.01792114695340502	0.07168458781362007	0.043010752688172046	0.06451612903225808	0.25089605734767023	0.34767025089605735	0.48387096774193544	0.1827956989247312	0.06093189964157706	0.046594982078853056	0.07526881720430108	0.05734767025089606	0.06451612903225806	0.0035842293906810097	0.043010752688172046	0.025089605734767033	0.07526881720430108	0.0	0.03942652329749104	0.046594982078853056
A[T>C]G	0.025089605734767026	0.01792114695340502	0.010752688172043001	0.02867383512544802	0.06093189964157707	0.025089605734767012	0.06810035842293907	0.0035842293906810097	0.1326164874551971	0.08960573476702509	0.8136200716845878	0.046594982078853056	0.06451612903225808	0.025089605734767012	0.01792114695340502	0.08243727598566308	0.0035842293906810097	0.01792114695340502	0.0	0.046594982078853056	0.0931899641577061	0.08243727598566308	0.08243727598566308	0.07168458781362008	0.050179211469534066	0.043010752688172046	0.010752688172043015	0.025089605734767026	0.0035842293906810097	0.010752688172043015	0.053763440860215055	0.05734767025089606	0.2616487455197133	0.24731182795698925	0.9068100358422939	0.2365591397849462	0.08602150537634409	0.035842293906810034	0.02867383512544802	0.06093189964157707	0.07168458781362008	0.01792114695340502	0.03584229390681003	0.05734767025089606	0.0931899641577061	0.039426523297491044	0.025089605734767012	0.046594982078853056	0.046594982078853056	0.05376344086021505	0.01792114695340502	0.01792114695340502	0.06451612903225808	0.06093189964157707	0.04301075268817205	0.01792114695340502	0.15770609318996415	0.26523297491039427	0.8853046594982079	0.10035842293906809	0.07885304659498209	0.06451612903225808	0.07885304659498209	0.0896057347670251	0.02150537634408603	0.039426523297491044	0.04301075268817205	0.007168458781362005	0.0931899641577061	0.08602150537634409	0.05734767025089606	0.08243727598566308	0.05734767025089606	0.0931899641577061	0.007168458781362005	0.043010752688172046	0.0	0.05376344086021505	0.06093189964157707	0.046594982078853056	0.2329749103942652	0.32974910394265233	0.4659498207885304	0.16487455197132617	0.07885304659498209	0.06451612903225808	0.0931899641577061	0.07526881720430108	0.08243727598566308	0.01433691756272401	0.06093189964157707	0.04301075268817205	0.0931899641577061	0.01792114695340502	0.05734767025089606	0.06451612903225808
A[T>C]T	0.02150537634408603	0.028673835125448036	0.05734767025089606	0.07526881720430108	0.10752688172043012	0.07168458781362007	0.11469534050179213	0.050179211469534066	0.08602150537634404	0.04301075268817203	0.7670250896057348	0.0	0.11111111111111113	0.07168458781362007	0.06451612903225808	0.12903225806451615	0.050179211469534066	0.06451612903225808	0.046594982078853056	0.0	0.13978494623655915	0.12903225806451615	0.12903225806451615	0.11827956989247314	0.0035842293906810097	0.0035842293906810097	0.03584229390681004	0.02150537634408603	0.050179211469534066	0.03584229390681004	0.1003584229390681	0.010752688172043001	0.21505376344086022	0.20071684587813618	0.8602150537634409	0.18996415770609312	0.13261648745519716	0.08243727598566308	0.07526881720430108	0.10752688172043012	0.11827956989247314	0.06451612903225808	0.010752688172043029	0.10394265232974911	0.13978494623655915	0.08602150537634409	0.07168458781362007	0.09318996415770611	0.0	0.0071684587813619915	0.028673835125448036	0.06451612903225808	0.11111111111111113	0.10752688172043012	0.0896057347670251	0.06451612903225808	0.11111111111111108	0.2186379928315412	0.8387096774193549	0.053763440860215034	0.12544802867383514	0.11111111111111113	0.12544802867383514	0.13620071684587814	0.06810035842293909	0.08602150537634409	0.0896057347670251	0.05376344086021506	0.13978494623655915	0.13261648745519716	0.10394265232974911	0.12903225806451615	0.010752688172043001	0.04659498207885304	0.05376344086021506	0.0035842293906810097	0.046594982078853056	0.0071684587813619915	0.10752688172043012	0.0	0.18637992831541214	0.2831541218637993	0.4193548387096774	0.1182795698924731	0.12544802867383514	0.11111111111111113	0.13978494623655915	0.12186379928315413	0.12903225806451615	0.06093189964157707	0.10752688172043012	0.0896057347670251	0.13978494623655915	0.06451612903225808	0.10394265232974911	0.11111111111111113
