	A[C>A]A	A[C>A]C	A[C>A]G	A[C>A]T	A[C>G]A	A[C>G]C	A[C>G]G	A[C>G]T	A[C>T]A	A[C>T]C	A[C>T]G	A[C>T]T	A[T>A]A	A[T>A]C	A[T>A]G	A[T>A]T	A[T>C]A	A[T>C]C	A[T>C]G	A[T>C]T	A[T>G]A	A[T>G]C	A[T>G]G	A[T>G]T	C[C>A]A	C[C>A]C	C[C>A]G	C[C>A]T	C[C>G]A	C[C>G]C	C[C>G]G	C[C>G]T	C[C>T]A	C[C>T]C	C[C>T]G	C[C>T]T	C[T>A]A	C[T>A]C	C[T>A]G	C[T>A]T	C[T>C]A	C[T>C]C	C[T>C]G	C[T>C]T	C[T>G]A	C[T>G]C	C[T>G]G	C[T>G]T	G[C>A]A	G[C>A]C	G[C>A]G	G[C>A]T	G[C>G]A	G[C>G]C	G[C>G]G	G[C>G]T	G[C>T]A	G[C>T]C	G[C>T]G	G[C>T]T	G[T>A]A	G[T>A]C	G[T>A]G	G[T>A]T	G[T>C]A	G[T>C]C	G[T>C]G	G[T>C]T	G[T>G]A	G[T>G]C	G[T>G]G	G[T>G]T	T[C>A]A	T[C>A]C	T[C>A]G	T[C>A]T	T[C>G]A	T[C>G]C	T[C>G]G	T[C>G]T	T[C>T]A	T[C>T]C	T[C>T]G	T[C>T]T	T[T>A]A	T[T>A]C	T[T>A]G	T[T>A]T	T[T>C]A	T[T>C]C	T[T>C]G	T[T>C]T	T[T>G]A	T[T>G]C	T[T>G]G	T[T>G]T
A[C>A]A	0.0	0.003930410407970507	0.018220042046250877	0.007982694006885834	0.014563846317906217	0.013314646110721792	0.021662959690442095	0.009414704000487491	0.06090612717467476	0.05377654550440266	0.6539715426099143	0.032022180920751965	0.015477895249992383	0.004966332531001493	0.016483349075287163	0.0007617074434051359	0.024984004143688496	0.020627037567411112	0.05386795039761128	0.010877182291825355	0.020566100971938697	0.015995856311507874	0.018341915237195697	0.003960878705706713	0.03214405411169678	0.05048596934889247	0.014076353554126939	0.1712013649797386	0.01791535906888882	0.018341915237195697	0.020261417994576644	0.013924012065445902	0.038938484506870596	0.04750007617074433	0.5859358337649675	0.042899363212577306	0.019042686085128425	0.009323299107278879	0.008835806343499591	0.0073428597544255205	0.006581152311020383	0.028183175405990073	0.08159410133755826	0.026659760519179794	0.018829408000974986	0.0060327229517686855	0.0017976295664361257	0.03707991834496207	0.018524725023612937	0.016757563754913017	0.007495201243106547	0.05185704274702172	0.018859876298711192	0.006489747417811768	0.02108406203345419	0.013223241217513176	0.12973401176076294	0.2576703939550898	0.9783370403095579	0.16824594009932664	0.0189208128941836	0.01045062612351848	0.015142743974894122	0.014137290149599342	0.0678833673562658	0.06614667438530208	0.05862100484445933	0.0462204076658237	0.019956735017214587	0.015295085463575149	0.013680265683556259	0.0020718442460619726	0.05648822400292495	0.023155906279516164	0.008531123366137535	0.4674141555711282	0.009079552725389234	0.012217787392218397	0.02151061820176107	0.004631181255903234	0.05027269126473904	0.08467139940891502	0.7276743548337955	0.09530483531885073	0.011364675055604644	0.015447426952256177	0.017763017580207794	0.008439718472928917	0.00859205996160995	0.02528868712105055	0.016026324609244087	0.010450626123518478	0.012613875262789067	0.006611620608756591	0.01569117333414582	0.08820572194631485
A[C>A]C	0.003930410407970507	0.0	0.022150452454221384	0.004052283598915327	0.018494256725876724	0.0172450565186923	0.0255933700984126	0.013345114408457998	0.05697571676670425	0.049846135096432154	0.6500411322019438	0.028091770512781458	0.01940830565796289	0.008896742938972	0.02041375948325767	0.004692117851375643	0.02105359373571799	0.016696627159440605	0.049937539989640775	0.006946771883854848	0.024496511379909203	0.01992626671947838	0.022272325645166204	3.046829773620599e-05	0.028213643703726275	0.04655555894092196	0.010145943146156432	0.1672709545717681	0.021845769476859327	0.022272325645166204	0.02419182840254715	0.01785442247341641	0.03500807409890009	0.043569665762773824	0.582005423356997	0.0389689528046068	0.02297309649309893	0.013253709515249385	0.012766216751470098	0.011273270162396027	0.002650741903049876	0.024252764998019566	0.07766369092958776	0.022729350111209287	0.022759818408945493	0.009963133359739192	0.002132780841534381	0.03314950793699156	0.01459431461564243	0.01282715334694251	0.011425611651077054	0.047926632339051214	0.0227902867066817	0.010420157825782275	0.0250144724414247	0.017153651625483685	0.12580360135279245	0.25373998354711924	0.9744066299015874	0.16431552969135615	0.022851223302154108	0.014381036531488986	0.01907315438286463	0.01806770055756985	0.0639529569482953	0.062216263977331585	0.054690594436488826	0.04228999725785319	0.023887145425185094	0.019225495871545657	0.017610676091526764	0.0060022546540324795	0.05255781359495444	0.019225495871545657	0.012461533774108042	0.46348374516315766	0.013009963133359741	0.016148197800188904	0.025441028609731575	0.0007007708479327274	0.04634228085676853	0.08074098900094451	0.723743944425825	0.09137442491088021	0.01529508546357515	0.019377837360226684	0.0216934279881783	0.012370128880899424	0.004661649553639444	0.021358276713080042	0.01209591420127358	0.006520215715547971	0.016544285670759572	0.010542031016727097	0.019621583742116328	0.08427531153834435
A[C>A]G	0.018220042046250877	0.022150452454221384	0.0	0.02620273605313671	0.0036561957283446577	0.004905395935529083	0.0034429176441912192	0.008805338045763384	0.07912616922092564	0.07199658755065354	0.6721915846561651	0.05024222296700284	0.0027421467962584927	0.013253709515249382	0.0017366929709637115	0.01745833460284574	0.04320404618993937	0.03884707961366199	0.07208799244386216	0.02909722433807623	0.0023460589256878214	0.0022241857347430004	0.00012187319094482179	0.02218092075195759	0.05036409615794766	0.06870601139514335	0.032296395600377815	0.18942140702598947	0.0003046829773620547	0.00012187319094482179	0.0020413759483257667	0.0042960299808049735	0.05715852655312147	0.06572011821699521	0.6041558758112183	0.06111940525882818	0.0008226440388775479	0.008896742938971997	0.009384235702751284	0.010877182291825355	0.02480119435727126	0.04640321745224095	0.09981414338380915	0.04487980256543067	0.0006093659547241098	0.01218731909448219	0.020017671612687003	0.055299960391212946	0.036744767069863814	0.034977605801163894	0.010724840803144328	0.0700770847932726	0.0006398342524603154	0.011730294628439107	0.002864019987203315	0.004996800828737699	0.14795405380701382	0.2758904360013406	0.9965570823558088	0.18646598214557752	0.0007007708479327261	0.007769415922732396	0.0030772980713567534	0.004082751896651533	0.08610340940251668	0.08436671643155297	0.07684104689071021	0.06444044971207458	0.0017366929709637124	0.002924956582675727	0.004539776362694616	0.016148197800188904	0.07470826604917583	0.04137594832576704	0.00968891868011334	0.485634197617379	0.009140489320861641	0.006002254654032478	0.003290576155510191	0.02285122330215411	0.06849273331098991	0.10289144145516589	0.7458943968800463	0.1135248773651016	0.006855366990646232	0.0027726150939946987	0.0004570244660430825	0.009780323573321958	0.026812102007860827	0.043508729167301426	0.034246366655494964	0.028670668169769355	0.0056061667834618086	0.011608421437494285	0.002528868712105055	0.10642576399256573
A[C>A]T	0.007982694006885834	0.004052283598915327	0.02620273605313671	0.0	0.02254654032479205	0.021297340117607626	0.02964565369732793	0.017397398007373326	0.05292343316778893	0.04579385149751683	0.6459888486030284	0.02403948691386613	0.023460589256878217	0.012949026537887327	0.024466043082172997	0.00874440145029097	0.01700131013680266	0.012644343560525278	0.04588525639072545	0.0028944882849395205	0.02854879497882453	0.02397855031839371	0.02632460924408153	0.004021815301179121	0.024161360104810948	0.04250327534200664	0.006093659547241104	0.16321867097285275	0.025898053075774655	0.02632460924408153	0.028244112001462478	0.021906706072331736	0.030955790499984762	0.0395173821638585	0.5779531397580816	0.034916669205691475	0.02702538009201426	0.01730599311416471	0.016818500350385426	0.015325553761311355	0.0014015416958654513	0.02020048139910424	0.07361140733067244	0.01867706651229396	0.02681210200786082	0.01401541695865452	0.0061850644404497085	0.029097224338076235	0.010542031016727103	0.008774869748027183	0.015477895249992381	0.04387434874013589	0.026842570305597026	0.014472441424697603	0.029066756040340026	0.02120593522439901	0.12175131775387711	0.24968769994820392	0.970354346302672	0.1602632460924408	0.026903506901069435	0.018433320130404315	0.023125437981779955	0.022119984156485174	0.05990067334937997	0.05816398037841626	0.0506383108375735	0.03823771365893787	0.02793942902410042	0.02327777947046098	0.021662959690442095	0.010054538252947807	0.04850552999603912	0.01517321227263033	0.01651381737302337	0.45943146156424236	0.01706224673227507	0.02020048139910423	0.029493312208646903	0.0033515127509826	0.04228999725785321	0.07668870540202918	0.7196916608269096	0.08732214131196489	0.019347369062490478	0.02343012095914201	0.025745711587093628	0.01642241247981475	0.0006093659547241163	0.017305993114164715	0.008043630602358253	0.0024679321166326436	0.020596569269674903	0.014594314615642425	0.023673867341031656	0.08022302793942902
A[C>G]A	0.014563846317906217	0.018494256725876724	0.0036561957283446577	0.02254654032479205	0.0	0.0012492002071844257	0.007099113372535877	0.0051491423174187265	0.07546997349258097	0.06834039182230887	0.6685353889278205	0.046586027238658186	0.000914048932086165	0.009597513786904724	0.0019195027573809462	0.013802138874501081	0.039547850461594716	0.03519088388531733	0.0684317967155175	0.025441028609731572	0.0060022546540324795	0.0014320099936016573	0.0037780689192894795	0.01852472502361293	0.046707900429603	0.06504981566679868	0.028640199872033156	0.1857652112976448	0.003351512750982603	0.0037780689192894795	0.005697571676670425	0.0006398342524603163	0.05350233082477682	0.06206392248865055	0.6004996800828737	0.057463209530483526	0.004478839767222206	0.005240547210627339	0.0057280399744066264	0.007220986563480697	0.0211449986289266	0.04274702172389629	0.09615794765546448	0.041223606837086015	0.0042655616830687675	0.008531123366137532	0.016361475884342343	0.05164376466286829	0.03308857134151916	0.03132141007281924	0.007068645074799671	0.06642088906492793	0.0042960299808049735	0.008074098900094449	0.006520215715547973	0.001340605100393042	0.14429785807866916	0.272234240272996	0.9929008866274641	0.18280978641723286	0.004356966576277384	0.0041132201943877384	0.0005788976569879043	0.00042655616830687606	0.08244721367417202	0.0807105207032083	0.07318485116236555	0.06078425398372992	0.00539288869930837	0.0007312391456689308	0.000883580634349959	0.012492002071844244	0.07105207032083116	0.037719752597422385	0.006032722951768683	0.4819780018890344	0.005484293592516984	0.0023460589256878205	0.006946771883854849	0.01919502757380945	0.06483653758264525	0.09923524572682123	0.7422382011517017	0.10986868163675693	0.0031991712623015743	0.000883580634349959	0.003199171262301575	0.006124127844977301	0.023155906279516168	0.03985253343895677	0.030590170927150304	0.025014472441424695	0.0019499710551171513	0.007952225709149628	0.0011273270162396026	0.10276956826422107
A[C>G]C	0.013314646110721792	0.0172450565186923	0.004905395935529083	0.021297340117607626	0.0012492002071844257	0.0	0.008348313579720303	0.003899942110234301	0.07422077328539656	0.06709119161512445	0.667286188720636	0.04533682703147376	0.0021632491392705906	0.008348313579720299	0.003168702964565372	0.012552938667316656	0.03829865025441029	0.033941683678132904	0.06718259650833308	0.024191828402547147	0.007251454861216904	0.002681210200786083	0.005027269126473905	0.017275524816428505	0.045458700222418574	0.06380061545961427	0.02739099966484873	0.1845160110904604	0.004600712958167028	0.005027269126473905	0.0069467718838548504	0.0006093659547241094	0.05225313061759239	0.06081472228146612	0.5992504798756892	0.0562140093232991	0.005728039974406631	0.003991347003442914	0.004478839767222201	0.005971786356296272	0.019895798421742175	0.041497821516711865	0.09490874744828007	0.039974406629901586	0.005514761890253193	0.007281923158953107	0.015112275677157918	0.05039456445568386	0.03183937113433473	0.03007220986563481	0.005819444867615245	0.06517168885774352	0.005545230187989398	0.006824898692910024	0.007769415922732398	9.140489320861624e-05	0.14304865787148474	0.27098504006581153	0.9916516864202797	0.18156058621004845	0.005606166783461809	0.002864019987203313	0.00182809786417233	0.0008226440388775496	0.0811980134669876	0.07946132049602389	0.07193565095518112	0.05953505377654549	0.006642088906492796	0.0019804393528533564	0.0003656195728344667	0.01124280186465982	0.06980287011364675	0.036470552390237956	0.004783522744584257	0.48072880168184995	0.004235093385332558	0.0010968587185033948	0.008195972091039274	0.017945827366625026	0.06358733737546082	0.0979860455196368	0.7409890009445173	0.1086194814295725	0.0019499710551171487	0.0021327808415343846	0.004448371469486001	0.004874927637792875	0.021906706072331743	0.03860333323177234	0.02934097071996588	0.02376527223424027	0.0007007708479327256	0.006703025501965202	0.002376527223424028	0.10152036805703665
A[C>G]G	0.021662959690442095	0.0255933700984126	0.0034429176441912192	0.02964565369732793	0.007099113372535877	0.008348313579720303	0.0	0.012248255689954603	0.08256908686511685	0.07543950519484476	0.6756345023003564	0.05368514061119406	0.006185064440449712	0.0166966271594406	0.005179610615154931	0.02090125224703696	0.04664696383413059	0.04228999725785321	0.07553091008805338	0.03254014198226745	0.0010968587185033979	0.00566710337893422	0.0033210444532463974	0.025623838396148808	0.05380701380213888	0.07214892903933456	0.03573931324456903	0.1928643246701807	0.003747600621553274	0.0033210444532463974	0.0014015416958654524	0.007738947624996193	0.06060144419731269	0.06916303586118643	0.6075987934554096	0.0645623229030194	0.0026202736053136714	0.012339660583163216	0.012827153346942503	0.014320099936016574	0.028244112001462478	0.04984613509643217	0.10325706102800036	0.04832272020962189	0.0028335516894671094	0.01563023673867341	0.02346058925687822	0.058742878035404164	0.04018768471405503	0.03842052344535511	0.014167758447335548	0.07352000243746382	0.002803083391730904	0.015173212272630326	0.0005788976569879044	0.008439718472928919	0.15139697145120504	0.27933335364553186	1.0	0.18990889978976874	0.002742146796258493	0.011212333566923615	0.006520215715547973	0.007525669540842753	0.0895463270467079	0.08780963407574419	0.08028396453490143	0.0678833673562658	0.0017062246732275068	0.006367874226866946	0.007982694006885836	0.019591115444380122	0.07815118369336704	0.04481886596995826	0.01313183632430456	0.48907711526157027	0.01258340696505286	0.009445172298223697	0.00015234148868102808	0.02629414094634533	0.07193565095518113	0.10633435909935711	0.7493373145242376	0.11696779500929282	0.010298284634837451	0.006215532738185918	0.0038999421102343017	0.013223241217513178	0.030255019652052045	0.046951646811492644	0.03768928429968618	0.03211358581396057	0.009049084427653028	0.015051339081685504	0.005971786356296274	0.10986868163675695
A[C>G]T	0.009414704000487491	0.013345114408457998	0.008805338045763384	0.017397398007373326	0.0051491423174187265	0.003899942110234301	0.012248255689954603	0.0	0.07032083117516225	0.06319124950489015	0.6633862466104018	0.04143688492123945	0.0060631912495048915	0.004448371469485998	0.007068645074799673	0.008652996557082356	0.03439870814417599	0.030041741567898603	0.06328265439809877	0.020291886292312846	0.011151396971451205	0.006581152311020384	0.008927211236708206	0.013375582706194204	0.04155875811218428	0.05990067334937996	0.02349105755461443	0.18061606898022609	0.008500655068401329	0.008927211236708206	0.01084671399408915	0.00450930806495841	0.04835318850735809	0.05691478017123182	0.595350537765455	0.052314067213064794	0.009627982084640932	9.140489320861277e-05	0.0005788976569878999	0.002071844246061971	0.015995856311507874	0.03759787940647756	0.09100880533804576	0.03607446451966728	0.009414704000487495	0.003381981048718806	0.011212333566923617	0.04649462234544956	0.027939429024100428	0.02617226775540051	0.0019195027573809444	0.06127174674750921	0.0094451722982237	0.002924956582675723	0.011669358032966698	0.0038085372170256846	0.13914871576125043	0.2670850979555773	0.9877517443100454	0.17766064409981414	0.00950610889369611	0.001035922123030988	0.005728039974406631	0.0047225861491118504	0.07729807135675329	0.07556137838578958	0.06803570884494682	0.05563511166631119	0.010542031016727096	0.005880381463087657	0.0042655616830687675	0.007342859754425519	0.06590292800341244	0.03257061028000366	0.0008835806343499564	0.4768288595716157	0.0003351512750982572	0.002803083391730906	0.012095914201273575	0.014045885256390726	0.059687395265226525	0.0940861034094025	0.737089058834283	0.10471953931933821	0.0019499710551171522	0.0060327229517686855	0.008348313579720303	0.0009749855275585743	0.018006763962097442	0.034703391121538044	0.02544102860973158	0.01986533012400597	0.003199171262301575	0.002803083391730901	0.006276469333658329	0.09762042594680234
A[C>T]A	0.06090612717467476	0.05697571676670425	0.07912616922092564	0.05292343316778893	0.07546997349258097	0.07422077328539656	0.08256908686511685	0.07032083117516225	0.0	0.007129581670272098	0.5930654154352395	0.028883946253922793	0.07638402242466714	0.06587245970567625	0.07738947624996192	0.0616678346180799	0.03592212303098626	0.040279089607263646	0.007038176777063476	0.050028944882849403	0.08147222814661345	0.07690198348618263	0.07924804241187046	0.05694524846896805	0.028762073062977976	0.010420157825782289	0.04682977362054782	0.11029523780506384	0.07882148624356358	0.07924804241187046	0.0811675451692514	0.07483013924012066	0.02196764266780416	0.013406051003930428	0.5250297065902927	0.018006763962097452	0.07994881325980319	0.07022942628195364	0.06974193351817434	0.06824898692910028	0.054324974863654375	0.032722951768684685	0.02068797416288351	0.034246366655494964	0.07973553517564974	0.06693885012644345	0.059108497608238636	0.02382620882971269	0.04238140215106182	0.04414856341976174	0.0684013284177813	0.009049084427653037	0.07976600347338594	0.06739587459248653	0.08199018920812895	0.07412936839218794	0.06882788458608818	0.196764266780415	0.9174309131348831	0.10733981292465189	0.07982694006885836	0.07135675329819324	0.07604887114956888	0.0750434173242741	0.006977240181591043	0.005240547210627333	0.002285122330215425	0.014685719508851058	0.08086286219188935	0.0762012126382499	0.07458639285823102	0.06297797142073673	0.00441790317174981	0.037750220895158594	0.06943725054081229	0.4065080283964534	0.06998567990006399	0.07312391456689316	0.08241674537643583	0.056274945918771524	0.01063343590993572	0.023765272234240256	0.6667682276591207	0.03439870814417596	0.0722708022302794	0.07635355412693093	0.07866914475488256	0.06934584564760368	0.05231406721306481	0.03561744005362421	0.04487980256543067	0.05045550105115628	0.07352000243746383	0.06751774778343135	0.07659730050882058	0.027299594771640096
A[C>T]C	0.05377654550440266	0.049846135096432154	0.07199658755065354	0.04579385149751683	0.06834039182230887	0.06709119161512445	0.07543950519484476	0.06319124950489015	0.007129581670272098	0.0	0.6001949971055116	0.021754364583650695	0.06925444075439505	0.05874287803540415	0.07025989457968983	0.0545382529478078	0.028792541360714165	0.03314950793699155	9.140489320862144e-05	0.042899363212577306	0.07434264647634135	0.06977240181591053	0.07211846074159836	0.04981566679869595	0.02163249139270588	0.0032905761555101914	0.03970019195027572	0.11742481947533594	0.07169190457329148	0.07211846074159836	0.0740379634989793	0.06770055756984857	0.014838060997532064	0.00627646933365833	0.5321592882605648	0.010877182291825355	0.07281923158953109	0.06309984461168154	0.06261235184790226	0.06111940525882818	0.04719539319338228	0.025593370098412588	0.027817555833155608	0.027116784985222867	0.07260595350537764	0.05980926845617135	0.05197891593796654	0.01669662715944059	0.035251820480789724	0.03701898174948964	0.06127174674750921	0.0019195027573809392	0.07263642180311385	0.06026629292221443	0.07486060753785685	0.06699978672191584	0.07595746625636028	0.2038938484506871	0.9245604948051552	0.11446939459492399	0.07269735839858626	0.06422717162792115	0.06891928947929678	0.067913835654002	0.014106821851863141	0.01237012888089943	0.004844459340056673	0.007556137838578961	0.07373328052161725	0.0690716309679778	0.06745681118795892	0.05584838975046463	0.002711678498522288	0.030620639224886496	0.06230766887054019	0.4136376100667255	0.06285609822979189	0.06599433289662106	0.07528716370616373	0.049145364248499426	0.003503854239663623	0.030894853904512354	0.6738978093293928	0.04152828981444806	0.0651412205600073	0.06922397245665884	0.07153956308461046	0.06221626397733158	0.04518448554279271	0.028487858383352112	0.03775022089515857	0.04332591938088418	0.06639042076719173	0.06038816611315925	0.06946771883854848	0.03442917644191219
A[C>T]G	0.6539715426099143	0.6500411322019438	0.6721915846561651	0.6459888486030284	0.6685353889278205	0.667286188720636	0.6756345023003564	0.6633862466104018	0.5930654154352395	0.6001949971055116	0.0	0.6219493616891623	0.6694494378599066	0.6589378751409157	0.6704548916852014	0.6547332500533194	0.6289875384662258	0.6333445050425032	0.600103592212303	0.643094360318089	0.674537643581853	0.6699673989214222	0.6723134578471099	0.6500106639042076	0.6218274884982175	0.6034855732610218	0.6398951890557874	0.4827701776301757	0.671886901678803	0.6723134578471099	0.6742329606044909	0.6678955546753602	0.6150330581030437	0.6064714664391699	0.06803570884494681	0.6110721793973369	0.6730142286950427	0.6632948417171931	0.6628073489534139	0.6613144023643398	0.6473903902988939	0.6257883672039242	0.572377441272356	0.6273117820907345	0.6728009506108893	0.660004265561683	0.6521739130434782	0.6168916242649523	0.6354468175863014	0.6372139788550013	0.6614667438530208	0.6021144998628926	0.6728314189086255	0.660461290027726	0.6750556046433684	0.6671947838274275	0.5242375308491514	0.3963011486548245	0.3243654976996436	0.4857256025105876	0.6728923555040979	0.6644221687334327	0.6691142865848084	0.6681088327595136	0.5860881752536484	0.5878248682246122	0.595350537765455	0.6077511349440906	0.6739282776271289	0.6692666280734895	0.6676518082934706	0.6560433868559763	0.5974833186069893	0.6308156363303982	0.6625026659760518	0.1865573870387861	0.6630510953353035	0.6661893300021327	0.6754821608116753	0.6493403613540111	0.6036988513451752	0.5693001432009993	0.0737028122238812	0.5586667072910636	0.6653362176655189	0.6694189695621705	0.6717345601901221	0.6624112610828432	0.6453794826483044	0.6286828554888637	0.6379452180006702	0.6435209164863958	0.6665854178727033	0.6605831632186708	0.6696627159440601	0.5657658206635994
A[C>T]T	0.032022180920751965	0.028091770512781458	0.05024222296700284	0.02403948691386613	0.046586027238658186	0.04533682703147376	0.05368514061119406	0.04143688492123945	0.028883946253922793	0.021754364583650695	0.6219493616891623	0.0	0.04750007617074435	0.036988513451753455	0.04850552999603913	0.032783888364157104	0.007038176777063469	0.011395143353340853	0.021845769476859317	0.02114499862892661	0.052588281892690665	0.04801803723225984	0.050364096157947666	0.028061302215045252	0.00012187319094481702	0.018463788428140504	0.017945827366625026	0.13917918405898663	0.04993753998964079	0.050364096157947666	0.052283598915328605	0.04594619298619787	0.0069163035861186314	0.015477895249992366	0.5539136528442155	0.01087718229182534	0.051064867005880386	0.041345480028030845	0.040857987264251557	0.03936504067517749	0.025441028609731582	0.0038390055147618923	0.0495719204168063	0.005362420401572171	0.05085158892172695	0.038054903872520654	0.03022455135431584	0.005057737424210104	0.013497455897139028	0.015264617165838948	0.039517382163858514	0.019834861826269756	0.05088205721946316	0.03851192833856373	0.053106242954206156	0.04524542213826514	0.09771183084001098	0.2256482130343378	0.946314859388806	0.13622375917857468	0.05094299381493557	0.04247280704427044	0.04716492489564609	0.04615947107035131	0.03586118643551384	0.034124493464550126	0.026598823923707368	0.014198226745071735	0.05197891593796655	0.047317266384327115	0.04570244660430822	0.03409402516681394	0.024466043082172984	0.008866274641235801	0.0405533042868895	0.4353919746503762	0.0411017336461412	0.04423996831297036	0.05353279912251303	0.02739099966484873	0.018250510343987073	0.05264921848816305	0.6956521739130435	0.06328265439809876	0.04338685597635661	0.04746960787300814	0.049785198500959756	0.04046189939368088	0.023430120959142015	0.006733493799701416	0.015995856311507878	0.021571554797233487	0.04463605618354103	0.03863380152950856	0.04771335425489778	0.05618354102556289
A[T>A]A	0.015477895249992383	0.01940830565796289	0.0027421467962584927	0.023460589256878217	0.000914048932086165	0.0021632491392705906	0.006185064440449712	0.0060631912495048915	0.07638402242466714	0.06925444075439505	0.6694494378599066	0.04750007617074435	0.0	0.01051156271899089	0.0010054538252947812	0.014716187806587247	0.040461899393680875	0.0361049328174035	0.06934584564760367	0.026355077541817738	0.005088205721946314	0.0005179610615154923	0.0028640199872033145	0.019438773955699096	0.04762194936168916	0.06596386459888486	0.02955424880411932	0.18667926022973097	0.002437463818896438	0.0028640199872033145	0.00478352274458426	0.0015538831845464812	0.054416379756862976	0.06297797142073672	0.6014137290149598	0.05837725846256969	0.0035647908351360406	0.006154596142713504	0.006642088906492791	0.008135035495566862	0.022059047561012766	0.04366107065598246	0.09707199658755065	0.04213765576917218	0.0033515127509826026	0.009445172298223697	0.01727552481642851	0.052557813594954456	0.034002620273605316	0.032235459004905404	0.007982694006885836	0.06733493799701411	0.003381981048718808	0.008988147832180614	0.005606166783461808	0.002254654032479207	0.14521190701075531	0.27314828920508216	0.9938149355595502	0.18372383534931902	0.003442917644191219	0.005027269126473903	0.0003351512750982607	0.001340605100393041	0.08336126260625819	0.08162456963529448	0.07409890009445172	0.061698302915816086	0.004478839767222205	0.0001828097864172342	0.001797629566436124	0.01340605100393041	0.07196611925291733	0.038633801529508544	0.006946771883854848	0.4828920508211206	0.006398342524603149	0.0032601078577739855	0.006032722951768684	0.020109076505895617	0.06575058651473142	0.1001492946589074	0.7431522500837878	0.11078273056884311	0.004113220194387739	3.046829773620599e-05	0.0022851223302154102	0.007038176777063466	0.024069955211602333	0.04076658237104293	0.031504219859236474	0.02592852137351086	0.0028640199872033163	0.008866274641235792	0.0002132780841534376	0.10368361719630724
A[T>A]C	0.004966332531001493	0.008896742938972	0.013253709515249382	0.012949026537887327	0.009597513786904724	0.008348313579720299	0.0166966271594406	0.004448371469485998	0.06587245970567625	0.05874287803540415	0.6589378751409157	0.036988513451753455	0.01051156271899089	0.0	0.01151701654428567	0.004204625087596357	0.02995033667468999	0.025593370098412605	0.05883428292861277	0.015843514822826848	0.015599768440937203	0.011029523780506381	0.013375582706194204	0.008927211236708206	0.03711038664269828	0.05545230187989396	0.01904268608512843	0.1761676975107401	0.012949026537887327	0.013375582706194204	0.015295085463575149	0.008957679534444409	0.04390481703787209	0.05246640870174582	0.5909021662959689	0.047865695743578796	0.01407635355412693	0.0043569665762773855	0.0038694738124980983	0.0023765272234240273	0.011547484842021876	0.03314950793699156	0.08656043386855976	0.031626093050181284	0.013863075469973493	0.0010663904207671923	0.006763962097437619	0.04204625087596356	0.02349105755461443	0.02172389628591451	0.002528868712105054	0.05682337527802321	0.013893543767709697	0.0015234148868102752	0.0161177295024527	0.008256908686511683	0.13470034429176445	0.26263672648609127	0.9833033728405594	0.17321227263032815	0.013954480363182108	0.005484293592516986	0.010176411443892629	0.009170957618597849	0.07284969988726729	0.07111300691630358	0.06358733737546082	0.05118674019682519	0.014990402486213094	0.010328752932573656	0.008713933152554766	0.0028944882849395205	0.06145455653392644	0.028122238810517657	0.003564790835136042	0.4723804881021297	0.004113220194387741	0.007251454861216904	0.016544285670759575	0.009597513786904727	0.05523902379574053	0.0896377319399165	0.7326406873647969	0.10027116784985221	0.00639834252460315	0.010481094421254684	0.0127966850492063	0.003473385941927424	0.013558392492611444	0.030255019652052042	0.02099265714024558	0.015416958654519971	0.0076475427317875735	0.0016452880777550975	0.010724840803144328	0.09317205447731634
A[T>A]G	0.016483349075287163	0.02041375948325767	0.0017366929709637115	0.024466043082172997	0.0019195027573809462	0.003168702964565372	0.005179610615154931	0.007068645074799673	0.07738947624996192	0.07025989457968983	0.6704548916852014	0.04850552999603913	0.0010054538252947812	0.01151701654428567	0.0	0.015721641631882027	0.04146735321897566	0.03711038664269828	0.07035129947289845	0.027360531367112518	0.004082751896651533	0.0004874927637792889	0.0018585661619085333	0.020444227780993876	0.04862740318698395	0.06696931842417964	0.030559702629414102	0.18768471405502576	0.0014320099936016568	0.0018585661619085333	0.0037780689192894786	0.0025593370098412624	0.05542183358215776	0.0639834252460315	0.6024191828402546	0.05938271228786447	0.0025593370098412594	0.0071600499680082854	0.007647542731787573	0.009140489320861644	0.023064501386307546	0.04466652448127724	0.09807745041284543	0.04314310959446696	0.0023460589256878214	0.010450626123518478	0.01828097864172329	0.053563267420249236	0.035008074098900104	0.033240912830200184	0.008988147832180618	0.06834039182230889	0.002376527223424027	0.009993601657475395	0.0046007129581670265	0.003260107857773988	0.1462173608360501	0.27415374303037693	0.9948203893848451	0.18472928917461381	0.0024374638188964376	0.006032722951768685	0.001340605100393042	0.0023460589256878222	0.08436671643155297	0.08263002346058926	0.0751043539197465	0.06270375674111087	0.003473385941927424	0.0011882636117120154	0.002803083391730905	0.01441150482922519	0.07297157307821212	0.03963925535480333	0.007952225709149628	0.48389750464641534	0.00740379634989793	0.004265561683068767	0.0050272691264739025	0.021114530331190397	0.0667560403400262	0.10115474848420218	0.7441577039090826	0.11178818439413789	0.0051186740196825205	0.0010359221230309872	0.001279668504920629	0.008043630602358246	0.025075409036897114	0.041772036196337715	0.032509673684531254	0.02693397519880564	0.0038694738124980975	0.009871728466530574	0.0007921757411413436	0.10468907102160202
A[T>A]T	0.0007617074434051359	0.004692117851375643	0.01745833460284574	0.00874440145029097	0.013802138874501081	0.012552938667316656	0.02090125224703696	0.008652996557082356	0.0616678346180799	0.0545382529478078	0.6547332500533194	0.032783888364157104	0.014716187806587247	0.004204625087596357	0.015721641631882027	0.0	0.02574571158709363	0.021388745010816248	0.05462965784101642	0.01163888973523049	0.01980439352853356	0.015234148868102738	0.01758020779379056	0.004722586149111849	0.032905761555101914	0.05124767679229761	0.014838060997532074	0.17196307242314374	0.017153651625483685	0.01758020779379056	0.019499710551171508	0.013162304622040766	0.03970019195027573	0.04826178361414947	0.5866975412083726	0.043661070655982445	0.01828097864172329	0.008561591663873743	0.008074098900094456	0.006581152311020385	0.007342859754425519	0.02894488284939521	0.08235580878096341	0.02742146796258493	0.01806770055756985	0.00527101550836355	0.0025593370098412616	0.03784162578836721	0.019286432467018073	0.017519271198318153	0.006733493799701411	0.05261875019042686	0.018098168855306056	0.0057280399744066325	0.020322354590049056	0.01246153377410804	0.13049571920416808	0.2584321013984949	0.979098747752963	0.1690076475427318	0.018159105450778465	0.009688918680113344	0.014381036531488986	0.013375582706194206	0.06864507479967094	0.06690838182870723	0.05938271228786447	0.04698211510922884	0.01919502757380945	0.014533378020170013	0.012918558240151123	0.0013101368026568368	0.05724993144633009	0.0239176137229213	0.007769415922732399	0.4681758630145333	0.008317845281984098	0.011456079948813262	0.020748910758355932	0.00539288869930837	0.05103439870814418	0.08543310685232015	0.7284360622772006	0.09606654276225586	0.010602967612199508	0.014685719508851041	0.017001310136802658	0.007678011029523781	0.009353767405015086	0.026050394564455685	0.016788032052649223	0.011212333566923614	0.01185216781938393	0.005849913165351455	0.014929465890740685	0.08896742938971999
A[T>C]A	0.024984004143688496	0.02105359373571799	0.04320404618993937	0.01700131013680266	0.039547850461594716	0.03829865025441029	0.04664696383413059	0.03439870814417599	0.03592212303098626	0.028792541360714165	0.6289875384662258	0.007038176777063469	0.040461899393680875	0.02995033667468999	0.04146735321897566	0.02574571158709363	0.0	0.004356966576277384	0.028883946253922786	0.014106821851863141	0.045550105115627196	0.040979860455196374	0.04332591938088419	0.021023125437981783	0.007160049968008286	0.025501965205203973	0.010907650589561557	0.1462173608360501	0.04289936321257732	0.04332591938088419	0.045245422138265136	0.038908016209134394	0.0139544803631821	0.022516072027055835	0.560951829621279	0.01791535906888881	0.04402669022881692	0.034307303250967376	0.03381981048718809	0.03232686389811402	0.018402851832668113	0.003199171262301577	0.05661009719386977	0.0016757563754912982	0.04381341214466348	0.03101672709545718	0.02318637457725237	0.012095914201273573	0.006459279120075559	0.008226440388775479	0.032479205386795044	0.026873038603333226	0.04384388044239969	0.031473751561500264	0.04606806617714269	0.038207245361201674	0.10475000761707445	0.23268638981140127	0.9533530361658694	0.14326193595563816	0.0439048170378721	0.035434630267206974	0.04012674811858262	0.03912129429328784	0.042899363212577306	0.041162670241613596	0.03363700070077084	0.021236403522135204	0.04494073916090308	0.040279089607263646	0.03866426982724475	0.02705584838975047	0.03150421985923645	0.0018280978641723317	0.033515127509826034	0.4424301514274397	0.03406355686907773	0.03720179153590689	0.046494622345449564	0.02035282288778526	0.025288687121050542	0.05968739526522652	0.702690350690107	0.07032083117516222	0.03634867919929314	0.04043143109594467	0.042747021723896286	0.03342372261661741	0.016391944182078545	0.00030468297736205296	0.008957679534444409	0.014533378020170018	0.03759787940647756	0.03159562475244509	0.040675177477834314	0.06322171780262636
A[T>C]C	0.020627037567411112	0.016696627159440605	0.03884707961366199	0.012644343560525278	0.03519088388531733	0.033941683678132904	0.04228999725785321	0.030041741567898603	0.040279089607263646	0.03314950793699155	0.6333445050425032	0.011395143353340853	0.0361049328174035	0.025593370098412605	0.03711038664269828	0.021388745010816248	0.004356966576277384	0.0	0.03324091283020017	0.009749855275585757	0.04119313853934981	0.03662289387891899	0.03896895280460681	0.0166661588617044	0.01151701654428567	0.029858931781481357	0.0065506840132841734	0.15057432741232749	0.038542396636299936	0.03896895280460681	0.04088845556198775	0.03455104963285702	0.018311446939459484	0.02687303860333322	0.5653087961975564	0.022272325645166194	0.03966972365253953	0.029950336674689992	0.029462843910910703	0.027969897321836634	0.014045885256390729	0.007556137838578961	0.060967063770147156	0.006032722951768682	0.039456445568386095	0.026659760519179797	0.018829408000974986	0.016452880777550957	0.002102312543798175	0.003869473812498095	0.02812223881051766	0.03123000517961061	0.039486913866122304	0.02711678498522288	0.0417110996008653	0.03385027878492429	0.10910697419335183	0.23704335638767865	0.9577100027421468	0.14761890253191554	0.039547850461594716	0.03107766369092959	0.035769781542305236	0.034764327717010456	0.04725632978885469	0.04551963681789098	0.03799396727704822	0.025593370098412588	0.0405837725846257	0.03592212303098626	0.03430730325096737	0.022698881813473085	0.03586118643551384	0.002528868712105052	0.029158160933548647	0.44678711800371707	0.029706590292800344	0.03284482495962951	0.04213765576917218	0.015995856311507878	0.029645653697327926	0.0640443618415039	0.7070473172663844	0.07467779775143961	0.031991712623015756	0.03607446451966729	0.0383900551476189	0.02906675604034003	0.012034977605801161	0.004661649553639437	0.004600712958167025	0.010176411443892634	0.03324091283020018	0.027238658176167704	0.03631821090155693	0.06757868437890374
A[T>C]G	0.05386795039761128	0.049937539989640775	0.07208799244386216	0.04588525639072545	0.0684317967155175	0.06718259650833308	0.07553091008805338	0.06328265439809877	0.007038176777063476	9.140489320862144e-05	0.600103592212303	0.021845769476859317	0.06934584564760367	0.05883428292861277	0.07035129947289845	0.05462965784101642	0.028883946253922786	0.03324091283020017	0.0	0.04299076810578593	0.07443405136954998	0.06986380670911915	0.07220986563480698	0.04990707169190457	0.0217238962859145	0.003381981048718813	0.03979159684348434	0.11733341458212732	0.0717833094665001	0.07220986563480698	0.07412936839218792	0.06779196246305719	0.014929465890740685	0.006367874226866951	0.5320678833673562	0.010968587185033976	0.07291063648273971	0.06319124950489016	0.06270375674111087	0.061210810152036804	0.0472867980865909	0.02568477499162121	0.027726150939946986	0.027208189878431488	0.07269735839858626	0.05990067334937997	0.05207032083117516	0.016788032052649213	0.035343225373998345	0.037110386642698265	0.06136315164071783	0.0020109076505895607	0.07272782669632247	0.06035769781542305	0.07495201243106547	0.06709119161512446	0.07586606136315166	0.20380244355747848	0.9244690899119467	0.11437798970171537	0.07278876329179489	0.06431857652112977	0.0690106943725054	0.06800524054721062	0.01401541695865452	0.01227872398769081	0.004753054446848051	0.007647542731787582	0.07382468541482587	0.06916303586118643	0.06754821608116754	0.055939794643673255	0.0026202736053136666	0.030712044118095118	0.062399073763748814	0.4135462051735169	0.06294750312300051	0.06608573778982968	0.07537856859937235	0.04923676914170805	0.0035952591328722444	0.030803449011303732	0.6738064044361842	0.04143688492123944	0.06523262545321593	0.06931537734986745	0.07163096797781908	0.0623076688705402	0.04527589043600133	0.028579263276560733	0.037841625788367195	0.043417324274092804	0.06648182566040035	0.060479571006367874	0.0695591237317571	0.03433777154870357
A[T>C]T	0.010877182291825355	0.006946771883854848	0.02909722433807623	0.0028944882849395205	0.025441028609731572	0.024191828402547147	0.03254014198226745	0.020291886292312846	0.050028944882849403	0.042899363212577306	0.643094360318089	0.02114499862892661	0.026355077541817738	0.015843514822826848	0.027360531367112518	0.01163888973523049	0.014106821851863141	0.009749855275585757	0.04299076810578593	0.0	0.031443283263764055	0.02687303860333323	0.029219097529021052	0.006916303586118642	0.021266871819871427	0.039608787057067114	0.003199171262301584	0.16032418268791324	0.028792541360714175	0.029219097529021052	0.031138600286401998	0.024801194357271256	0.028061302215045242	0.036622893878918976	0.5750586514731422	0.03202218092075195	0.02991986837695378	0.020200481399104235	0.019712988635324946	0.018220042046250877	0.004296029980804972	0.017305993114164718	0.0707169190457329	0.01578257822735444	0.02970659029280034	0.01690990524359404	0.009079552725389229	0.026202736053136715	0.007647542731787582	0.0058803814630876625	0.018372383534931903	0.04097986045519637	0.029737058590536547	0.017366929709637123	0.031961244325279546	0.024100423509338532	0.11885682946893758	0.2467932116632644	0.9674598580177326	0.15736875780750129	0.029797995186008955	0.021327808415343832	0.02601992626671948	0.0250144724414247	0.05700618506444045	0.05526949209347674	0.04774382255263398	0.035343225373998345	0.030833917309039942	0.026172267755400505	0.024557447975381612	0.012949026537887327	0.045611041711099594	0.01227872398769081	0.01940830565796289	0.4565369732793028	0.019956735017214587	0.023094969684043752	0.03238780049358642	0.0062460010359221205	0.03939550897291368	0.07379421711708967	0.7167971725419702	0.08442765302702537	0.022241857347429998	0.02632460924408153	0.02864019987203315	0.019316900764754272	0.002285122330215404	0.014411504829225194	0.005149142317418733	0.0004265561683068769	0.02349105755461442	0.017488802900581947	0.026568355625971176	0.07732853965448949
