	A[C>A]A	A[C>A]C	A[C>A]G	A[C>A]T	A[C>G]A	A[C>G]C	A[C>G]G	A[C>G]T	A[C>T]A	A[C>T]C	A[C>T]G	A[C>T]T	A[T>A]A	A[T>A]C	A[T>A]G	A[T>A]T	A[T>C]A	A[T>C]C	A[T>C]G	A[T>C]T	A[T>G]A	A[T>G]C	A[T>G]G	A[T>G]T	C[C>A]A	C[C>A]C	C[C>A]G	C[C>A]T	C[C>G]A	C[C>G]C	C[C>G]G	C[C>G]T	C[C>T]A	C[C>T]C	C[C>T]G	C[C>T]T	C[T>A]A	C[T>A]C	C[T>A]G	C[T>A]T	C[T>C]A	C[T>C]C	C[T>C]G	C[T>C]T	C[T>G]A	C[T>G]C	C[T>G]G	C[T>G]T	G[C>A]A	G[C>A]C	G[C>A]G	G[C>A]T	G[C>G]A	G[C>G]C	G[C>G]G	G[C>G]T	G[C>T]A	G[C>T]C	G[C>T]G	G[C>T]T	G[T>A]A	G[T>A]C	G[T>A]G	G[T>A]T	G[T>C]A	G[T>C]C	G[T>C]G	G[T>C]T	G[T>G]A	G[T>G]C	G[T>G]G	G[T>G]T	T[C>A]A	T[C>A]C	T[C>A]G	T[C>A]T	T[C>G]A	T[C>G]C	T[C>G]G	T[C>G]T	T[C>T]A	T[C>T]C	T[C>T]G	T[C>T]T	T[T>A]A	T[T>A]C	T[T>A]G	T[T>A]T	T[T>C]A	T[T>C]C	T[T>C]G	T[T>C]T	T[T>G]A	T[T>G]C	T[T>G]G	T[T>G]T
A[C>A]A	0.0	0.007618763071407221	0.04093217806991335	0.03465790259934268	0.025395876904690765	0.03331341499850612	0.04496564087242306	0.02748730206154765	0.037048102778607706	0.0634896922617269	0.8486704511502838	0.03406035255452643	0.03555422766656707	0.03630116522258739	0.032267702420077676	0.03600239020017926	0.0007469375560203162	0.009859575739468183	0.0028383627128771988	0.0056767254257544045	0.045115028383627125	0.03689871526740364	0.03480729011054675	0.01688078876605916	0.04212727815954585	0.029578727218404544	0.004332237824917838	0.18195398864654913	0.03585300268897519	0.039288915446668654	0.04795339109650432	0.026740364505527334	0.07469375560203165	0.09844636988347771	0.50956080071706	0.08589781894233642	0.04123095309232148	0.026740364505527334	0.01374365103077383	0.028533014639976095	0.033910965043322375	0.008963250672243801	0.0022408126680609486	0.008216313116223485	0.051538691365401845	0.03734687780101583	0.02913056468479235	0.01762772632207947	0.007768150582611294	0.012847325963549441	0.030773827308037044	0.08216313116223484	0.030026889752016724	0.02883178966238422	0.04660890349566776	0.031371377352853294	0.050941141320585595	0.21989841649238123	0.9484613086345981	0.17119808783985657	0.040782790558709286	0.04167911562593366	0.03406035255452644	0.040484015536301154	0.01762772632207947	0.04003585300268897	0.004780400358530022	0.029578727218404544	0.045712578428443375	0.04003585300268897	0.03256647744248581	0.031819539886465485	0.03779504033462801	0.05945622945921719	0.023155064236629816	0.6983866148789959	0.01643262623244697	0.017777113833283537	0.049447266208544956	0.0059755004481625296	0.08335823125186734	0.19644457723334327	0.9424858081864356	0.21123394084254554	0.044069315805198676	0.03480729011054675	0.04138034060352554	0.03107260233044517	0.028234239617567963	0.003435912757693456	0.02748730206154765	0.014490588586794147	0.044069315805198676	0.02285628921422169	0.03913952793546459	0.04705706602927995
A[C>A]C	0.007618763071407221	0.0	0.04855094114132057	0.027039139527935456	0.033014639976097986	0.04093217806991334	0.05258440394383028	0.035106065132954875	0.029429339707200484	0.05587092919031968	0.8410516880788765	0.026441589483119206	0.04317299073797429	0.0439199282939946	0.0398864654914849	0.04362115327158648	0.008365700627427537	0.017478338810875405	0.01045712578428442	0.0019420376456528166	0.052733791455034346	0.04451747833881086	0.04242605318195397	0.024499551837466382	0.03450851508813863	0.021959964146997323	0.011951000896325059	0.17433522557514192	0.04347176576038242	0.04690767851807587	0.055572154167911544	0.03435912757693456	0.06707499253062443	0.0908276068120705	0.5019420376456527	0.0782790558709292	0.0488497161637287	0.03435912757693456	0.02136241410218105	0.036151777711383316	0.041529728114729596	0.016582013743651022	0.00985957573946817	0.015835076187630706	0.059157454436809066	0.04496564087242305	0.036749327756199573	0.02524648939348669	0.015386913654018515	0.00522856289214222	0.038392590379444265	0.07454436809082762	0.03764565282342394	0.03645055273379144	0.05422766656707498	0.03899014042426052	0.043322378249178374	0.21227965342097402	0.9408425455631909	0.16357932476844936	0.04840155363011651	0.04929787869734088	0.041679115625933655	0.04810277860770838	0.01000896325067225	0.03241708993128175	0.0028383627128771988	0.021959964146997323	0.053331341499850596	0.04765461607409619	0.04018524051389302	0.039438302957872706	0.030176277263220787	0.05183746638780997	0.030773827308037037	0.6907678518075887	0.02405138930385419	0.025395876904690758	0.05706602927995218	0.01359426351956975	0.07573946818046012	0.18882581416193606	0.9348670451150283	0.20361517777113833	0.0516880788766059	0.04242605318195397	0.04899910367493276	0.03869136540185239	0.035853002688975184	0.011054675829100677	0.035106065132954875	0.022109351658201368	0.0516880788766059	0.030475052285628912	0.04675829100687181	0.03943830295787273
A[C>A]G	0.04093217806991335	0.04855094114132057	0.0	0.07559008066925603	0.015536301165222585	0.0076187630714072314	0.0040334628025097095	0.013444876008365698	0.07798028084852106	0.10442187033164026	0.8896026292201972	0.07499253062443978	0.005377950403346279	0.004631012847325963	0.008664475649835673	0.004929787869734092	0.040185240513893036	0.031072602330445166	0.038093815357036154	0.04660890349566775	0.004182850313713773	0.004033462802509711	0.006124887959366599	0.024051389303854188	0.0830594562294592	0.0705109052883179	0.03659994024499551	0.22288616671646247	0.005079175380938154	0.0016432626232446984	0.007021213026590976	0.014191813564386015	0.115625933671945	0.13937854795339105	0.5504929787869733	0.12682999701224976	0.0002987750224081268	0.014191813564386015	0.02718852703913952	0.012399163429937254	0.007021213026590974	0.031968927397669544	0.038691365401852404	0.03271586495368986	0.010606513295488496	0.0035853002688975184	0.011801613385121	0.02330445174783388	0.03316402748730206	0.053779504033462794	0.010158350761876305	0.12309530923214819	0.010905288317896625	0.012100388407529129	0.005676725425754406	0.009560800717060051	0.09187331939049895	0.26083059456229457	0.9893934867045115	0.2121302659097699	0.00014938751120406255	0.0007469375560203145	0.006871825515386912	0.0004481625336121911	0.05855990439199282	0.08096803107260232	0.04571257842844337	0.0705109052883179	0.004780400358530026	0.0008963250672243805	0.008365700627427544	0.009112638183447864	0.07872721840454136	0.10038840752913054	0.017777113833283533	0.7393187929489093	0.02449955183746638	0.023155064236629812	0.00851508813863161	0.03495667762175082	0.12429040932178069	0.2373767553032566	0.9834179862563489	0.2521661189124589	0.003137137735285328	0.006124887959366599	0.00044816253361218937	0.00985957573946818	0.012697938452345386	0.03749626531221989	0.013444876008365698	0.026441589483119202	0.003137137735285328	0.018075888855691658	0.001792650134448761	0.0879892440991933
A[C>A]T	0.03465790259934268	0.027039139527935456	0.07559008066925603	0.0	0.06005377950403344	0.0679713175978488	0.07962354347176573	0.062145204660890324	0.0023902001792650285	0.028831789662384227	0.8140125485509411	0.0005975500448162502	0.07021213026590975	0.07095906782193007	0.06692560501942035	0.07066029279952193	0.03540484015536299	0.04451747833881086	0.037496265312219876	0.028981177173588273	0.0797729309829698	0.07155661786674632	0.06946519270988943	0.05153869136540184	0.007469375560203176	0.0050791753809381335	0.038990140424260515	0.14729608604720645	0.07051090528831787	0.07394681804601133	0.08261129369584701	0.06139826710487001	0.04003585300268897	0.06378846728413504	0.47490289811771724	0.05123991634299374	0.07588885569166415	0.06139826710487001	0.04840155363011651	0.06319091723931877	0.06856886764266505	0.04362115327158648	0.036898715267403626	0.04287421571556616	0.08619659396474452	0.07200478040035851	0.06378846728413502	0.05228562892142215	0.04242605318195397	0.021810576635793236	0.06543172990737972	0.04750522856289216	0.0646847923513594	0.0634896922617269	0.08126680609501043	0.06602927995219597	0.016283238721242918	0.18524051389303856	0.9138034060352554	0.1365401852405139	0.07544069315805196	0.07633701822527635	0.06871825515386912	0.07514191813564383	0.017030176277263206	0.005377950403346293	0.029877502240812655	0.0050791753809381335	0.08037048102778604	0.07469375560203165	0.06722438004182849	0.06647744248580817	0.003137137735285331	0.024798326859874514	0.05781296683597249	0.6637287122796532	0.05109052883178965	0.052435016432626214	0.08410516880788764	0.04063340304750521	0.04870032865252466	0.1617866746340006	0.9078279055870928	0.17657603824320287	0.07872721840454136	0.06946519270988943	0.07603824320286821	0.06573050492978785	0.06289214221691064	0.03809381535703613	0.062145204660890324	0.049148491186136824	0.07872721840454136	0.05751419181356437	0.07379743053480727	0.012399163429937271
A[C>G]A	0.025395876904690765	0.033014639976097986	0.015536301165222585	0.06005377950403344	0.0	0.007917538093815353	0.019569763967732294	0.002091425156856886	0.06244397968329847	0.08888556916641767	0.8740663280549745	0.05945622945921719	0.010158350761876305	0.010905288317896621	0.006871825515386912	0.010606513295488493	0.02464893934867045	0.015536301165222581	0.022557514191813566	0.03107260233044517	0.019719151478936357	0.011502838362712873	0.009411413205855985	0.008515088138631603	0.06752315506423662	0.05497460412309531	0.021063639079772926	0.2073498655512399	0.01045712578428443	0.013893038541977886	0.02255751419181356	0.0013444876008365698	0.10008963250672241	0.12384224678816848	0.5349566776217507	0.11129369584702718	0.015835076187630713	0.0013444876008365698	0.011652225873916934	0.003137137735285331	0.00851508813863161	0.016432626232446963	0.023155064236629816	0.01717956378846728	0.02614281446071108	0.011951000896325066	0.0037346877801015844	0.007768150582611294	0.01762772632207947	0.038243202868240206	0.005377950403346279	0.1075590080669256	0.00463101284732596	0.003435912757693456	0.021213026590976992	0.005975500448162533	0.07633701822527636	0.24529429339707198	0.9738571855392889	0.19659396474454732	0.015386913654018522	0.016283238721242897	0.008664475649835673	0.015088138631610393	0.043023603226770235	0.06543172990737973	0.030176277263220787	0.05497460412309531	0.02031670152375261	0.014639976097998204	0.00717060053779504	0.006423662981774721	0.06319091723931877	0.08485210636390796	0.0022408126680609486	0.7237824917836867	0.008963250672243794	0.007618763071407228	0.024051389303854195	0.019420376456528235	0.1087541081565581	0.22184045413803405	0.9678816850911263	0.2366298177472363	0.018673438900507912	0.009411413205855985	0.015984463698834772	0.0056767254257544045	0.0028383627128771988	0.02195996414699731	0.002091425156856886	0.010905288317896618	0.018673438900507912	0.0025395876904690737	0.013743651030773824	0.07245294293397071
A[C>G]C	0.03331341499850612	0.04093217806991334	0.0076187630714072314	0.0679713175978488	0.007917538093815353	0.0	0.011652225873916941	0.005826112936958467	0.07036151777711383	0.09680310726023303	0.8819838661487899	0.06737376755303254	0.002240812668060952	0.0029877502240812683	0.0010457125784284413	0.0026889752016731397	0.0325664774424858	0.023453839259037934	0.03047505228562892	0.03899014042426052	0.011801613385121004	0.00358530026889752	0.0014938751120406324	0.016432626232446956	0.07544069315805196	0.06289214221691067	0.02898117717358828	0.21526740364505526	0.002539587690469077	0.005975500448162533	0.014639976097998207	0.006573050492978783	0.10800717060053777	0.13175978488198384	0.542874215715566	0.11921123394084254	0.007917538093815358	0.006573050492978783	0.019569763967732287	0.004780400358530022	0.0005975500448162571	0.024350164326262316	0.03107260233044517	0.025097101882282633	0.018225276366895728	0.004033462802509713	0.004182850313713769	0.015685688676426647	0.025545264415894824	0.04616074096205556	0.0025395876904690737	0.11547654616074096	0.0032865252464893933	0.004481625336121897	0.013295488497161638	0.00194203764565282	0.0842545563190917	0.25321183149088733	0.9817747236331043	0.2045115028383627	0.007469375560203169	0.008365700627427546	0.0007469375560203197	0.00717060053779504	0.05094114132058559	0.0733492680011951	0.03809381535703614	0.06289214221691067	0.012399163429937257	0.006722438004182851	0.0007469375560203127	0.0014938751120406324	0.07110845533313412	0.09276964445772332	0.010158350761876302	0.731700029877502	0.016880788766059147	0.015536301165222581	0.01613385121003884	0.027337914550343588	0.11667164625037346	0.2297579922318494	0.9757992231849416	0.24454735584105167	0.010755900806692559	0.0014938751120406324	0.00806692560501942	0.0022408126680609486	0.005079175380938154	0.02987750224081266	0.005826112936958467	0.01882282641171197	0.010755900806692559	0.010457125784284427	0.0058261129369584705	0.08037048102778607
A[C>G]G	0.04496564087242306	0.05258440394383028	0.0040334628025097095	0.07962354347176573	0.019569763967732294	0.011652225873916941	0.0	0.017478338810875408	0.08201374365103076	0.10845533313414996	0.8936360920227069	0.07902599342694949	0.009411413205855989	0.008664475649835673	0.012697938452345382	0.008963250672243801	0.04421870331640274	0.035106065132954875	0.04212727815954586	0.05064236629817746	0.0001493875112040634	0.00806692560501942	0.010158350761876309	0.028084852106363897	0.08709291903196892	0.0745443680908276	0.04063340304750522	0.22691962951897218	0.009112638183447864	0.005676725425754408	0.0029877502240812665	0.018225276366895724	0.1196593964744547	0.14341201075590077	0.554526441589483	0.13086345981475947	0.0037346877801015827	0.018225276366895724	0.031221989841649228	0.016432626232446963	0.011054675829100684	0.03600239020017926	0.04272482820436211	0.036749327756199573	0.006573050492978787	0.007618763071407228	0.01583507618763071	0.027337914550343588	0.037197490289811765	0.0578129668359725	0.014191813564386015	0.1271287720346579	0.014938751120406334	0.016133851210038838	0.0016432626232446967	0.013594263519569761	0.09590678219300866	0.2648640573648043	0.9934269495070213	0.21616372871227962	0.004182850313713772	0.003286525246489395	0.010905288317896621	0.004481625336121901	0.06259336719450254	0.08500149387511202	0.04974604123095308	0.0745443680908276	0.0007469375560203162	0.00492978786973409	0.012399163429937254	0.013146100985957573	0.08276068120705107	0.10442187033164024	0.021810576635793243	0.743352255751419	0.02853301463997609	0.027188527039139522	0.004481625336121901	0.03899014042426053	0.1283238721242904	0.24141021810576632	0.9874514490588586	0.2561995817149686	0.0008963250672243813	0.010158350761876309	0.00358530026889752	0.01389303854197789	0.016731401254855095	0.0415297281147296	0.017478338810875408	0.030475052285628912	0.0008963250672243813	0.022109351658201368	0.0058261129369584705	0.092022706901703
A[C>G]T	0.02748730206154765	0.035106065132954875	0.013444876008365698	0.062145204660890324	0.002091425156856886	0.005826112936958467	0.017478338810875408	0.0	0.06453540484015535	0.09097699432327455	0.8761577532118314	0.061547654616074074	0.008066925605019419	0.008813863161039735	0.004780400358530026	0.008515088138631607	0.026740364505527334	0.017627726322079467	0.024648939348670452	0.03316402748730206	0.01762772632207947	0.009411413205855987	0.007319988048999099	0.01060651329548849	0.0696145802210935	0.05706602927995219	0.023155064236629812	0.20944129070809678	0.008365700627427544	0.011801613385121	0.020466089034956676	0.0007469375560203162	0.1021810576635793	0.12593367194502536	0.5370481027786076	0.11338512100388407	0.013743651030773825	0.0007469375560203162	0.01374365103077382	0.0010457125784284448	0.006423662981774724	0.01852405138930385	0.025246489393486702	0.019270988945324165	0.024051389303854195	0.00985957573946818	0.0016432626232446984	0.00985957573946818	0.019719151478936357	0.04033462802509709	0.0032865252464893933	0.10965043322378248	0.0025395876904690737	0.0013444876008365698	0.019121601434120103	0.003884075291305647	0.07842844338213324	0.24738571855392888	0.9759486106961458	0.19868538990140422	0.013295488497161636	0.014191813564386013	0.006573050492978787	0.012996713474753507	0.04511502838362712	0.06752315506423662	0.032267702420077676	0.05706602927995219	0.018225276366895724	0.012548550941141318	0.005079175380938154	0.004332237824917835	0.06528234239617565	0.08694353152076484	0.004332237824917835	0.7258739169405436	0.01105467582910068	0.009710188228264114	0.02195996414699731	0.02151180161338512	0.11084553331341498	0.22393187929489092	0.9699731102479832	0.2387212429040932	0.016582013743651026	0.007319988048999099	0.013893038541977888	0.0035853002688975184	0.0007469375560203127	0.024051389303854195	0.0	0.012996713474753504	0.016582013743651026	0.00463101284732596	0.011652225873916938	0.0745443680908276
A[C>T]A	0.037048102778607706	0.029429339707200484	0.07798028084852106	0.0023902001792650285	0.06244397968329847	0.07036151777711383	0.08201374365103076	0.06453540484015535	0.0	0.0264415894831192	0.811622348371676	0.0029877502240812787	0.07260233044517478	0.0733492680011951	0.06931580519868538	0.07305049297878696	0.03779504033462802	0.04690767851807589	0.039886465491484904	0.0313713773528533	0.08216313116223482	0.07394681804601135	0.07185539288915446	0.05392889154466687	0.005079175380938147	0.007469375560203162	0.041380340603525544	0.14490588586794143	0.0729011054675829	0.07633701822527636	0.08500149387511204	0.06378846728413504	0.03764565282342394	0.06139826710487001	0.47251269793845224	0.04884971616372871	0.07827905587092918	0.06378846728413504	0.050791753809381536	0.0655811174185838	0.07095906782193008	0.04601135345085151	0.039288915446668654	0.04526441589483119	0.08858679414400955	0.07439498057962354	0.06617866746340005	0.054675829100687176	0.044816253361219	0.024200776815058264	0.06782193008664475	0.04511502838362713	0.06707499253062443	0.06587989244099193	0.08365700627427546	0.068419480131461	0.01389303854197789	0.18285031371377353	0.9114132058559905	0.13414998506124887	0.07783089333731699	0.07872721840454137	0.07110845533313415	0.07753211831490886	0.019420376456528235	0.0029877502240812648	0.03226770242007768	0.007469375560203162	0.08276068120705107	0.07708395578129668	0.06961458022109351	0.0688676426650732	0.0007469375560203023	0.022408126680609486	0.06020316701523752	0.6613385121003883	0.053480729011054676	0.05482521661189124	0.08649536898715267	0.043023603226770235	0.04631012847325963	0.15939647445473556	0.9054377054078278	0.17418583806393784	0.08111741858380639	0.07185539288915446	0.07842844338213324	0.06812070510905288	0.06528234239617567	0.04048401553630116	0.06453540484015535	0.05153869136540185	0.08111741858380639	0.059904391992829396	0.0761876307140723	0.010008963250672243
A[C>T]C	0.0634896922617269	0.05587092919031968	0.10442187033164026	0.028831789662384227	0.08888556916641767	0.09680310726023303	0.10845533313414996	0.09097699432327455	0.0264415894831192	0.0	0.7851807588885569	0.029429339707200478	0.09904391992829398	0.0997908574843143	0.09575739468180458	0.09949208246190616	0.06423662981774722	0.0733492680011951	0.0663280549746041	0.0578129668359725	0.10860472064535402	0.10038840752913054	0.09829698237227366	0.08037048102778607	0.02136241410218105	0.03391096504332236	0.06782193008664475	0.11846429638482223	0.0993426949507021	0.10277860770839556	0.11144308335823123	0.09023005676725424	0.011204063340304743	0.03495667762175081	0.44607110845533304	0.022408126680609514	0.10472064535404838	0.09023005676725424	0.07723334329250073	0.092022706901703	0.09740065730504928	0.0724529429339707	0.06573050492978785	0.07170600537795038	0.11502838362712875	0.10083657006274274	0.09262025694651925	0.08111741858380637	0.0712578428443382	0.05064236629817746	0.09426351956976395	0.018673438900507933	0.09351658201374363	0.09232148192411113	0.11009859575739465	0.0948610696145802	0.01254855094114131	0.15640872423065433	0.8849716163728713	0.10770839557812967	0.10427248282043619	0.10516880788766057	0.09755004481625335	0.10397370779802806	0.045861965939647434	0.023453839259037934	0.05870929190319688	0.03391096504332236	0.10920227069017027	0.10352554526441587	0.09605616970421271	0.0953092321481924	0.025694651927098897	0.004033462802509713	0.08664475649835672	0.634896922617269	0.07992231849417387	0.08126680609501044	0.11293695847027187	0.06946519270988943	0.019868538990140433	0.13295488497161637	0.8789961159247086	0.14774424858081864	0.10755900806692559	0.09829698237227366	0.10487003286525244	0.09456229459217208	0.09172393187929487	0.06692560501942035	0.09097699432327455	0.07798028084852104	0.10755900806692559	0.0863459814759486	0.10262922019719149	0.016432626232446956
A[C>T]G	0.8486704511502838	0.8410516880788765	0.8896026292201972	0.8140125485509411	0.8740663280549745	0.8819838661487899	0.8936360920227069	0.8761577532118314	0.811622348371676	0.7851807588885569	0.0	0.8146100985957574	0.8842246788168509	0.8849716163728711	0.8809381535703614	0.884672841350463	0.8494173887063041	0.858530026889752	0.851508813863161	0.8429937257245294	0.8937854795339109	0.8855691664176875	0.8834777412608306	0.865551239916343	0.806543172990738	0.8190917239318792	0.8530026889752016	0.6667164625037346	0.884523453839259	0.8879593665969524	0.8966238422467881	0.8754108156558111	0.7739766955482521	0.7502240812668061	0.33910965043322383	0.7627726322079473	0.8899014042426052	0.8754108156558111	0.8624141021810576	0.8772034657902599	0.8825814161936062	0.8576337018225276	0.8509112638183447	0.8568867642665072	0.9002091425156856	0.8860173289512996	0.8778010158350761	0.8662981774723633	0.8564386017328951	0.8358231251867343	0.8794442784583208	0.766507319988049	0.8786973409023004	0.877502240812668	0.8952793546459515	0.8800418285031371	0.7977293098296981	0.6287720346579025	0.09979085748431438	0.6774723633104272	0.8894532417089931	0.8903495667762175	0.8827308037048102	0.8891544666865849	0.8310427248282043	0.8086345981475949	0.8438900507917537	0.8190917239318792	0.8943830295787272	0.8887063041529727	0.8812369285927696	0.8804899910367493	0.8108754108156557	0.7892142216910666	0.8718255153869136	0.15028383627128783	0.8651030773827307	0.8664475649835673	0.8981177173588287	0.8546459515984464	0.7653122198984165	0.6522258739169405	0.09381535703615174	0.6374365103077382	0.8927397669554824	0.8834777412608306	0.8900507917538093	0.8797430534807289	0.8769046907678517	0.8521063639079772	0.8761577532118314	0.8631610397370779	0.8927397669554824	0.8715267403645055	0.8878099790857483	0.8016133851210039
A[C>T]T	0.03406035255452643	0.026441589483119206	0.07499253062443978	0.0005975500448162502	0.05945622945921719	0.06737376755303254	0.07902599342694949	0.061547654616074074	0.0029877502240812787	0.029429339707200478	0.8146100985957574	0.0	0.0696145802210935	0.07036151777711382	0.0663280549746041	0.07006274275470568	0.03480729011054674	0.04391992829399461	0.036898715267403626	0.028383627128772022	0.07917538093815354	0.07095906782193007	0.06886764266507317	0.05094114132058559	0.008066925605019426	0.004481625336121883	0.038392590379444265	0.14789363609202272	0.06991335524350162	0.07334926800119508	0.08201374365103076	0.06080071706005376	0.04063340304750522	0.06438601732895129	0.4755004481625335	0.05183746638780999	0.0752913056468479	0.06080071706005376	0.04780400358530026	0.06259336719450252	0.0679713175978488	0.04302360322677023	0.036301165222587375	0.04227666567074991	0.08559904391992827	0.07140723035554225	0.06319091723931877	0.0516880788766059	0.04182850313713772	0.021213026590976986	0.06483417986256347	0.04810277860770841	0.06408724230654315	0.06289214221691064	0.08066925605019418	0.06543172990737972	0.016880788766059168	0.1858380639378548	0.9144009560800718	0.13713773528533013	0.07484314311323571	0.0757394681804601	0.06812070510905287	0.07454436809082758	0.016432626232446956	0.0059755004481625434	0.029279952195996405	0.004481625336121883	0.07977293098296981	0.0740962055572154	0.06662682999701224	0.0658798924409919	0.003734687780101581	0.025395876904690765	0.05721541679115624	0.6643262623244696	0.0504929787869734	0.05183746638780996	0.08350761876307139	0.040035853002688956	0.04929787869734091	0.16238422467881686	0.9084254556319091	0.1771735882880191	0.07812966835972511	0.06886764266507317	0.07544069315805196	0.06513295488497159	0.06229459217209439	0.03749626531221988	0.061547654616074074	0.048550941141320574	0.07812966835972511	0.05691664176874812	0.07319988048999101	0.012996713474753521
A[T>A]A	0.03555422766656707	0.04317299073797429	0.005377950403346279	0.07021213026590975	0.010158350761876305	0.002240812668060952	0.009411413205855989	0.008066925605019419	0.07260233044517478	0.09904391992829398	0.8842246788168509	0.0696145802210935	0.0	0.0007469375560203162	0.0032865252464893933	0.00044816253361218764	0.03480729011054676	0.025694651927098886	0.032715864953689874	0.04123095309232147	0.009560800717060051	0.0013444876008365681	0.0007469375560203197	0.01867343890050791	0.07768150582611293	0.06513295488497162	0.03122198984164923	0.2175082163131162	0.0002987750224081251	0.003734687780101581	0.012399163429937255	0.008813863161039735	0.11024798326859872	0.1340005975500448	0.545115028383627	0.12145204660890349	0.005676725425754406	0.008813863161039735	0.02181057663579324	0.007021213026590974	0.001643262623244695	0.02659097699432327	0.033313414998506125	0.027337914550343585	0.015984463698834776	0.001792650134448761	0.006423662981774721	0.0179265013444876	0.027786077083955776	0.048401553630116514	0.004780400358530026	0.11771735882880191	0.005527337914550345	0.006722438004182849	0.011054675829100686	0.004182850313713772	0.08649536898715267	0.2554526441589483	0.9840155363011652	0.20675231550642365	0.005228562892142217	0.006124887959366594	0.0014938751120406324	0.004929787869734088	0.053181953988646544	0.07559008066925604	0.04033462802509709	0.06513295488497162	0.010158350761876305	0.004481625336121899	0.0029877502240812648	0.0037346877801015844	0.07334926800119508	0.09501045712578426	0.012399163429937254	0.733940842545563	0.0191216014341201	0.017777113833283533	0.01389303854197789	0.02957872721840454	0.11891245891843441	0.23199880489991034	0.9780400358530026	0.24678816850911262	0.008515088138631607	0.0007469375560203197	0.005826112936958469	0.004481625336121901	0.007319988048999106	0.03211831490887361	0.008066925605019419	0.021063639079772923	0.008515088138631607	0.012697938452345379	0.0035853002688975184	0.08261129369584702
A[T>A]C	0.03630116522258739	0.0439199282939946	0.004631012847325963	0.07095906782193007	0.010905288317896621	0.0029877502240812683	0.008664475649835673	0.008813863161039735	0.0733492680011951	0.0997908574843143	0.8849716163728711	0.07036151777711382	0.0007469375560203162	0.0	0.0040334628025097095	0.00029877502240812856	0.03555422766656707	0.026441589483119202	0.03346280250971019	0.04197789064834179	0.008813863161039735	0.0005975500448162519	0.0014938751120406359	0.019420376456528225	0.07842844338213324	0.06587989244099193	0.031968927397669544	0.21825515386913652	0.0004481625336121911	0.0029877502240812648	0.01165222587391694	0.009560800717060051	0.11099492082461904	0.1347475351060651	0.5458619659396473	0.12219898416492381	0.00492978786973409	0.009560800717060051	0.022557514191813555	0.0077681505826112905	0.002390200179265011	0.027337914550343585	0.03406035255452644	0.0280848521063639	0.01523752614281446	0.0010457125784284448	0.007170600537795037	0.018673438900507915	0.028533014639976092	0.04914849118613683	0.005527337914550342	0.11846429638482223	0.006274275470570662	0.007469375560203165	0.01030773827308037	0.004929787869734088	0.08724230654317298	0.2561995817149686	0.9847624738571855	0.20749925306244396	0.004481625336121901	0.005377950403346278	0.0022408126680609486	0.004182850313713772	0.05392889154466686	0.07633701822527636	0.041081565581117405	0.06587989244099193	0.009411413205855989	0.0037346877801015827	0.003734687780101581	0.004481625336121901	0.0740962055572154	0.09575739468180458	0.01314610098595757	0.7346877801015833	0.019868538990140416	0.01852405138930385	0.013146100985957573	0.030325664774424856	0.11965939647445473	0.23274574245593066	0.9787869734090229	0.24753510606513293	0.007768150582611291	0.0014938751120406359	0.0050791753809381526	0.005228562892142217	0.008066925605019423	0.032865252464893926	0.008813863161039735	0.02181057663579324	0.007768150582611291	0.013444876008365695	0.0028383627128772022	0.08335823125186734
A[T>A]G	0.032267702420077676	0.0398864654914849	0.008664475649835673	0.06692560501942035	0.006871825515386912	0.0010457125784284413	0.012697938452345382	0.004780400358530026	0.06931580519868538	0.09575739468180458	0.8809381535703614	0.0663280549746041	0.0032865252464893933	0.0040334628025097095	0.0	0.003734687780101581	0.03152076486405736	0.022408126680609493	0.029429339707200478	0.03794442784583208	0.012847325963549445	0.0046310128473259615	0.0025395876904690737	0.015386913654018515	0.07439498057962353	0.06184642963848222	0.027935464595159838	0.2142216910666268	0.0035853002688975184	0.007021213026590974	0.015685688676426647	0.005527337914550342	0.10696145802210932	0.1307140723035554	0.5418285031371376	0.1181655213624141	0.0089632506722438	0.005527337914550342	0.018524051389303846	0.003734687780101581	0.0016432626232446984	0.023304451747833875	0.030026889752016728	0.02405138930385419	0.01927098894532417	0.005079175380938154	0.0031371377352853273	0.014639976097998206	0.024499551837466382	0.04511502838362712	0.0014938751120406324	0.11443083358231251	0.002240812668060952	0.003435912757693456	0.014341201075590079	0.0008963250672243787	0.08320884374066327	0.2521661189124589	0.9807290110546758	0.20346579025993425	0.00851508813863161	0.009411413205855987	0.001792650134448761	0.008216313116223482	0.04989542874215715	0.07230355542276665	0.0370481027786077	0.06184642963848222	0.013444876008365698	0.007768150582611292	0.00029877502240812856	0.0004481625336121911	0.07006274275470568	0.09172393187929487	0.00911263818344786	0.7306543172990736	0.015835076187630706	0.01449058858679414	0.017179563788467283	0.026292201971915147	0.11562593367194501	0.22871227965342095	0.9747535106065132	0.24350164326262322	0.011801613385121	0.0025395876904690737	0.009112638183447862	0.0011951000896325073	0.004033462802509713	0.02883178966238422	0.004780400358530026	0.01777711383328353	0.011801613385121	0.009411413205855985	0.006871825515386912	0.07932476844935762
A[T>A]T	0.03600239020017926	0.04362115327158648	0.004929787869734092	0.07066029279952193	0.010606513295488493	0.0026889752016731397	0.008963250672243801	0.008515088138631607	0.07305049297878696	0.09949208246190616	0.884672841350463	0.07006274275470568	0.00044816253361218764	0.00029877502240812856	0.003734687780101581	0.0	0.03525545264415894	0.026142814460711074	0.03316402748730206	0.04167911562593366	0.009112638183447864	0.0008963250672243805	0.0011951000896325073	0.019121601434120096	0.07812966835972511	0.0655811174185838	0.03167015237526142	0.2179563788467284	0.00014938751120406255	0.0032865252464893933	0.011951000896325068	0.009262025694651923	0.1106961458022109	0.13444876008365697	0.5455631909172391	0.12190020914251568	0.005228562892142219	0.009262025694651923	0.022258739169405427	0.007469375560203162	0.0020914251568568826	0.027039139527935456	0.03376157753211831	0.027786077083955772	0.015536301165222588	0.0013444876008365733	0.006871825515386908	0.018374663878099787	0.028234239617567963	0.0488497161637287	0.005228562892142213	0.1181655213624141	0.005975500448162533	0.007170600537795037	0.010606513295488498	0.00463101284732596	0.08694353152076485	0.2559008066925605	0.9844636988347775	0.20720047804003583	0.004780400358530029	0.005676725425754406	0.00194203764565282	0.004481625336121901	0.05363011652225873	0.07603824320286823	0.04078279055870928	0.0655811174185838	0.009710188228264117	0.004033462802509711	0.0034359127576934524	0.004182850313713772	0.07379743053480727	0.09545861965939645	0.012847325963549441	0.7343890050791753	0.019569763967732287	0.01822527636689572	0.013444876008365702	0.030026889752016728	0.1193606214520466	0.23244696743352253	0.9784881983866147	0.2472363310427248	0.008066925605019419	0.0011951000896325073	0.005377950403346281	0.004929787869734088	0.007768150582611294	0.0325664774424858	0.008515088138631607	0.02151180161338511	0.008066925605019419	0.013146100985957566	0.003137137735285331	0.0830594562294592
A[T>C]A	0.0007469375560203162	0.008365700627427537	0.040185240513893036	0.03540484015536299	0.02464893934867045	0.0325664774424858	0.04421870331640274	0.026740364505527334	0.03779504033462802	0.06423662981774722	0.8494173887063041	0.03480729011054674	0.03480729011054676	0.03555422766656707	0.03152076486405736	0.03525545264415894	0.0	0.009112638183447867	0.0020914251568568826	0.006423662981774721	0.04436809082760681	0.03615177771138332	0.034060352554526434	0.016133851210038845	0.04287421571556617	0.03032566477442486	0.003585300268897522	0.18270092620256945	0.035106065132954875	0.03854197789064834	0.04720645354048401	0.025993426949507018	0.07544069315805196	0.09919330743949803	0.5103077382730803	0.08664475649835673	0.04048401553630116	0.025993426949507018	0.012996713474753514	0.02778607708395578	0.03316402748730206	0.008216313116223485	0.0014938751120406324	0.007469375560203169	0.05079175380938153	0.036599940244995514	0.028383627128772033	0.016880788766059154	0.007021213026590978	0.013594263519569758	0.030026889752016728	0.08291006871825515	0.029279952195996408	0.028084852106363904	0.04586196593964744	0.03062443979683298	0.05168807887660591	0.22064535404840155	0.9492082461906185	0.1719450253958769	0.04003585300268897	0.040932178069913346	0.033313414998506125	0.03973707798028084	0.018374663878099787	0.040782790558709286	0.0055273379145503385	0.03032566477442486	0.04496564087242306	0.039288915446668654	0.03181953988646549	0.03107260233044517	0.038541977890648324	0.06020316701523751	0.0224081266806095	0.6991335524350163	0.015685688676426654	0.01703017627726322	0.04870032865252464	0.005228562892142213	0.08410516880788765	0.1971915147893636	0.9432327457424559	0.21198087839856586	0.04332237824917836	0.034060352554526434	0.04063340304750522	0.030325664774424853	0.027487302061547647	0.0026889752016731397	0.026740364505527334	0.01374365103077383	0.04332237824917836	0.022109351658201375	0.03839259037944427	0.047804003585300264
A[T>C]C	0.009859575739468183	0.017478338810875405	0.031072602330445166	0.04451747833881086	0.015536301165222581	0.023453839259037934	0.035106065132954875	0.017627726322079467	0.04690767851807589	0.0733492680011951	0.858530026889752	0.04391992829399461	0.025694651927098886	0.026441589483119202	0.022408126680609493	0.026142814460711074	0.009112638183447867	0.0	0.007021213026590985	0.015536301165222588	0.03525545264415894	0.027039139527935456	0.024947714371078566	0.007021213026590978	0.051986853899014036	0.03943830295787273	0.005527337914550345	0.19181356438601732	0.02599342694950701	0.029429339707200467	0.03809381535703614	0.01688078876605915	0.08455333134149984	0.1083059456229459	0.5194203764565282	0.09575739468180461	0.031371377352853294	0.01688078876605915	0.003884075291305647	0.018673438900507912	0.02405138930385419	0.0008963250672243822	0.007618763071407235	0.0016432626232446984	0.04167911562593366	0.027487302061547647	0.019270988945324165	0.007768150582611287	0.0020914251568568895	0.022706901703017625	0.02091425156856886	0.09202270690170303	0.02016731401254854	0.018972213922916037	0.036749327756199573	0.021511801613385114	0.06080071706005378	0.22975799223184942	0.9583208843740664	0.18105766357932476	0.030923214819241103	0.03181953988646548	0.024200776815058254	0.030624439796832974	0.027487302061547654	0.049895428742157154	0.014639976097998206	0.03943830295787273	0.03585300268897519	0.030176277263220787	0.02270690170301762	0.0219599641469973	0.04765461607409619	0.06931580519868538	0.013295488497161632	0.7082461906184642	0.006573050492978787	0.007917538093815353	0.03958769046907677	0.003884075291305654	0.09321780699133553	0.20630415297281146	0.9523453839259037	0.22109351658201373	0.03420974006573049	0.024947714371078566	0.03152076486405735	0.021213026590976986	0.01837466387809978	0.006423662981774728	0.017627726322079467	0.004631012847325963	0.03420974006573049	0.012996713474753507	0.029279952195996405	0.05691664176874813
A[T>C]G	0.0028383627128771988	0.01045712578428442	0.038093815357036154	0.037496265312219876	0.022557514191813566	0.03047505228562892	0.04212727815954586	0.024648939348670452	0.039886465491484904	0.0663280549746041	0.851508813863161	0.036898715267403626	0.032715864953689874	0.03346280250971019	0.029429339707200478	0.03316402748730206	0.0020914251568568826	0.007021213026590985	0.0	0.008515088138631603	0.042276665670749926	0.03406035255452644	0.03196892739766955	0.014042426053181963	0.04496564087242305	0.03241708993128174	0.0014938751120406393	0.18479235135942634	0.03301463997609799	0.036450552733791455	0.045115028383627125	0.023902001792650136	0.07753211831490885	0.10128473259635491	0.5123991634299372	0.08873618165521362	0.03839259037944428	0.023902001792650136	0.010905288317896632	0.025694651927098897	0.031072602330445176	0.0061248879593666025	0.0005975500448162502	0.005377950403346286	0.048700328652524646	0.03450851508813863	0.02629220197191515	0.014789363609202272	0.004929787869734095	0.01568568867642664	0.027935464595159845	0.08500149387511204	0.027188527039139525	0.02599342694950702	0.04377054078279056	0.0285330146399761	0.053779504033462794	0.22273677920525842	0.9512996713474754	0.17403645055273376	0.03794442784583209	0.03884075291305646	0.03122198984164924	0.037645652823423956	0.02046608903495667	0.04287421571556617	0.007618763071407221	0.03241708993128174	0.042874215715566176	0.03719749028981177	0.029728114729608606	0.028981177173588286	0.04063340304750521	0.06229459217209439	0.020316701523752617	0.7012249775918732	0.013594263519569771	0.014938751120406338	0.04660890349566776	0.003137137735285331	0.08619659396474454	0.19928293994622048	0.9453241708993128	0.21407230355542273	0.04123095309232148	0.03196892739766955	0.03854197789064834	0.02823423961756797	0.025395876904690765	0.0005975500448162571	0.024648939348670452	0.011652225873916948	0.04123095309232148	0.020017926501344492	0.03630116522258739	0.04989542874215715
A[T>C]T	0.0056767254257544045	0.0019420376456528166	0.04660890349566775	0.028981177173588273	0.03107260233044517	0.03899014042426052	0.05064236629817746	0.03316402748730206	0.0313713773528533	0.0578129668359725	0.8429937257245294	0.028383627128772022	0.04123095309232147	0.04197789064834179	0.03794442784583208	0.04167911562593366	0.006423662981774721	0.015536301165222588	0.008515088138631603	0.0	0.05079175380938153	0.042575440693158044	0.040484015536301154	0.022557514191813566	0.03645055273379145	0.02390200179265014	0.010008963250672243	0.17627726322079473	0.0415297281147296	0.04496564087242305	0.05363011652225873	0.03241708993128174	0.06901703017627725	0.09276964445772332	0.5038840752913055	0.08022109351658202	0.04690767851807588	0.03241708993128174	0.019420376456528235	0.0342097400657305	0.03958769046907678	0.014639976097998206	0.007917538093815353	0.01389303854197789	0.05721541679115625	0.043023603226770235	0.03480729011054676	0.023304451747833875	0.013444876008365698	0.007170600537795037	0.03645055273379145	0.07648640573648044	0.035703615177771125	0.034508515088138625	0.05228562892142216	0.037048102778607706	0.04526441589483119	0.21422169106662683	0.9427845832088437	0.16552136241410217	0.04645951598446369	0.047355841051688066	0.03973707798028084	0.046160740962055566	0.011951000896325066	0.034359127576934566	0.0008963250672243822	0.02390200179265014	0.05138930385419778	0.045712578428443375	0.038243202868240206	0.03749626531221989	0.0321183149088736	0.05377950403346279	0.02883178966238422	0.6927098894532415	0.022109351658201375	0.02345383925903794	0.05512399163429936	0.011652225873916934	0.07768150582611294	0.19076785180758887	0.9368090827606811	0.20555721541679114	0.04974604123095308	0.040484015536301154	0.04705706602927994	0.036749327756199573	0.03391096504332237	0.00911263818344786	0.03316402748730206	0.02016731401254855	0.04974604123095308	0.028533014639976095	0.04481625336121899	0.041380340603525544
